start_time,end_time,low_freq,high_freq,class,class_prob,det_prob,individual,event,input_file,Site name,Recover Folder,SD Card,File Duration
2.2915,2.2999,28046,34710,Eptesicus serotinus,0.114,0.212,-1,Echolocation,/mnt/ubna_data_01_mir/recover-20220722/UBNA_012/20220720_060000.WAV,Foliage,recover-20220722,012,1795
10.3525,10.3621,28046,35712,Eptesicus serotinus,0.164,0.23,-1,Echolocation,/mnt/ubna_data_01_mir/recover-20220722/UBNA_012/20220720_060000.WAV,Foliage,recover-20220722,012,1795
12.9085,12.9147,27187,36333,Plecotus auritus,0.101,0.232,-1,Echolocation,/mnt/ubna_data_01_mir/recover-20220722/UBNA_012/20220720_060000.WAV,Foliage,recover-20220722,012,1795
18.2155,18.226,28046,34203,Eptesicus serotinus,0.158,0.256,-1,Echolocation,/mnt/ubna_data_01_mir/recover-20220722/UBNA_012/20220720_060000.WAV,Foliage,recover-20220722,012,1795
30.4705,30.4816,28046,34202,Eptesicus serotinus,0.168,0.28,-1,Echolocation,/mnt/ubna_data_01_mir/recover-20220722/UBNA_012/20220720_060000.WAV,Foliage,recover-20220722,012,1795
32.8965,32.905,28046,34837,Eptesicus serotinus,0.122,0.203,-1,Echolocation,/mnt/ubna_data_01_mir/recover-20220722/UBNA_012/20220720_060000.WAV,Foliage,recover-20220722,012,1795
34.207499999999996,34.219,28906,34686,Eptesicus serotinus,0.178,0.315,-1,Echolocation,/mnt/ubna_data_01_mir/recover-20220722/UBNA_012/20220720_060000.WAV,Foliage,recover-20220722,012,1795
34.5995,34.6084,28046,35413,Eptesicus serotinus,0.158,0.231,-1,Echolocation,/mnt/ubna_data_01_mir/recover-20220722/UBNA_012/20220720_060000.WAV,Foliage,recover-20220722,012,1795
35.7285,35.7356,28046,36748,Eptesicus serotinus,0.159,0.287,-1,Echolocation,/mnt/ubna_data_01_mir/recover-20220722/UBNA_012/20220720_060000.WAV,Foliage,recover-20220722,012,1795
46.1345,46.1439,28046,34865,Eptesicus serotinus,0.145,0.221,-1,Echolocation,/mnt/ubna_data_01_mir/recover-20220722/UBNA_012/20220720_060000.WAV,Foliage,recover-20220722,012,1795
46.3965,46.4069,27187,34561,Eptesicus serotinus,0.158,0.222,-1,Echolocation,/mnt/ubna_data_01_mir/recover-20220722/UBNA_012/20220720_060000.WAV,Foliage,recover-20220722,012,1795
46.7255,46.7324,28046,36441,Eptesicus serotinus,0.133,0.251,-1,Echolocation,/mnt/ubna_data_01_mir/recover-20220722/UBNA_012/20220720_060000.WAV,Foliage,recover-20220722,012,1795
55.914500000000004,55.9289,40078,43756,Pipistrellus nathusii,0.245,0.274,-1,Echolocation,/mnt/ubna_data_01_mir/recover-20220722/UBNA_012/20220720_060000.WAV,Foliage,recover-20220722,012,1795
55.9155,55.9273,24609,29869,Nyctalus leisleri,0.37,0.497,-1,Echolocation,/mnt/ubna_data_01_mir/recover-20220722/UBNA_012/20220720_060000.WAV,Foliage,recover-20220722,012,1795
63.7925,63.8003,44375,48839,Pipistrellus pipistrellus,0.384,0.433,-1,Echolocation,/mnt/ubna_data_01_mir/recover-20220722/UBNA_012/20220720_060000.WAV,Foliage,recover-20220722,012,1795
65.1395,65.1491,28906,36234,Eptesicus serotinus,0.167,0.234,-1,Echolocation,/mnt/ubna_data_01_mir/recover-20220722/UBNA_012/20220720_060000.WAV,Foliage,recover-20220722,012,1795
65.4015,65.4117,28906,34889,Eptesicus serotinus,0.133,0.222,-1,Echolocation,/mnt/ubna_data_01_mir/recover-20220722/UBNA_012/20220720_060000.WAV,Foliage,recover-20220722,012,1795
71.0375,71.0472,28046,34805,Eptesicus serotinus,0.146,0.225,-1,Echolocation,/mnt/ubna_data_01_mir/recover-20220722/UBNA_012/20220720_060000.WAV,Foliage,recover-20220722,012,1795
71.6285,71.6368,28046,34994,Eptesicus serotinus,0.232,0.381,-1,Echolocation,/mnt/ubna_data_01_mir/recover-20220722/UBNA_012/20220720_060000.WAV,Foliage,recover-20220722,012,1795
77.7235,77.7333,28906,34734,Eptesicus serotinus,0.112,0.205,-1,Echolocation,/mnt/ubna_data_01_mir/recover-20220722/UBNA_012/20220720_060000.WAV,Foliage,recover-20220722,012,1795
80.8025,80.8123,28046,34487,Eptesicus serotinus,0.163,0.239,-1,Echolocation,/mnt/ubna_data_01_mir/recover-20220722/UBNA_012/20220720_060000.WAV,Foliage,recover-20220722,012,1795
83.22749999999999,83.2385,28906,34332,Eptesicus serotinus,0.145,0.25,-1,Echolocation,/mnt/ubna_data_01_mir/recover-20220722/UBNA_012/20220720_060000.WAV,Foliage,recover-20220722,012,1795
86.3075,86.3198,28906,33483,Eptesicus serotinus,0.128,0.234,-1,Echolocation,/mnt/ubna_data_01_mir/recover-20220722/UBNA_012/20220720_060000.WAV,Foliage,recover-20220722,012,1795
88.4695,88.4822,28906,33278,Nyctalus leisleri,0.123,0.268,-1,Echolocation,/mnt/ubna_data_01_mir/recover-20220722/UBNA_012/20220720_060000.WAV,Foliage,recover-20220722,012,1795
89.0605,89.0711,28046,34622,Eptesicus serotinus,0.13,0.207,-1,Echolocation,/mnt/ubna_data_01_mir/recover-20220722/UBNA_012/20220720_060000.WAV,Foliage,recover-20220722,012,1795
91.7175,91.7275,25468,31566,Eptesicus serotinus,0.148,0.296,-1,Echolocation,/mnt/ubna_data_01_mir/recover-20220722/UBNA_012/20220720_060000.WAV,Foliage,recover-20220722,012,1795
92.1405,92.1505,28906,36297,Eptesicus serotinus,0.175,0.248,-1,Echolocation,/mnt/ubna_data_01_mir/recover-20220722/UBNA_012/20220720_060000.WAV,Foliage,recover-20220722,012,1795
92.2515,92.2662,23750,30293,Nyctalus leisleri,0.263,0.531,-1,Echolocation,/mnt/ubna_data_01_mir/recover-20220722/UBNA_012/20220720_060000.WAV,Foliage,recover-20220722,012,1795
96.4665,96.4738,27187,35100,Eptesicus serotinus,0.123,0.224,-1,Echolocation,/mnt/ubna_data_01_mir/recover-20220722/UBNA_012/20220720_060000.WAV,Foliage,recover-20220722,012,1795
97.1875,97.1969,28906,35547,Eptesicus serotinus,0.141,0.229,-1,Echolocation,/mnt/ubna_data_01_mir/recover-20220722/UBNA_012/20220720_060000.WAV,Foliage,recover-20220722,012,1795
102.23349999999999,102.2437,28046,34851,Eptesicus serotinus,0.168,0.246,-1,Echolocation,/mnt/ubna_data_01_mir/recover-20220722/UBNA_012/20220720_060000.WAV,Foliage,recover-20220722,012,1795
103.2825,103.2918,28046,34703,Eptesicus serotinus,0.143,0.23,-1,Echolocation,/mnt/ubna_data_01_mir/recover-20220722/UBNA_012/20220720_060000.WAV,Foliage,recover-20220722,012,1795
104.9195,104.9317,28906,34635,Eptesicus serotinus,0.146,0.212,-1,Echolocation,/mnt/ubna_data_01_mir/recover-20220722/UBNA_012/20220720_060000.WAV,Foliage,recover-20220722,012,1795
121.5675,121.5767,26328,33068,Nyctalus leisleri,0.172,0.38,-1,Echolocation,/mnt/ubna_data_01_mir/recover-20220722/UBNA_012/20220720_060000.WAV,Foliage,recover-20220722,012,1795
140.7025,140.7124,28046,36153,Eptesicus serotinus,0.163,0.236,-1,Echolocation,/mnt/ubna_data_01_mir/recover-20220722/UBNA_012/20220720_060000.WAV,Foliage,recover-20220722,012,1795
140.7695,140.7776,28046,36448,Eptesicus serotinus,0.227,0.313,-1,Echolocation,/mnt/ubna_data_01_mir/recover-20220722/UBNA_012/20220720_060000.WAV,Foliage,recover-20220722,012,1795
154.7925,154.8008,27187,35224,Eptesicus serotinus,0.132,0.214,-1,Echolocation,/mnt/ubna_data_01_mir/recover-20220722/UBNA_012/20220720_060000.WAV,Foliage,recover-20220722,012,1795
155.5785,155.5893,28906,36304,Eptesicus serotinus,0.149,0.228,-1,Echolocation,/mnt/ubna_data_01_mir/recover-20220722/UBNA_012/20220720_060000.WAV,Foliage,recover-20220722,012,1795
175.1095,175.11860000000001,28046,35491,Eptesicus serotinus,0.184,0.281,-1,Echolocation,/mnt/ubna_data_01_mir/recover-20220722/UBNA_012/20220720_060000.WAV,Foliage,recover-20220722,012,1795
190.3135,190.3233,28046,35118,Eptesicus serotinus,0.156,0.215,-1,Echolocation,/mnt/ubna_data_01_mir/recover-20220722/UBNA_012/20220720_060000.WAV,Foliage,recover-20220722,012,1795
190.8365,190.8459,28906,35366,Eptesicus serotinus,0.202,0.307,-1,Echolocation,/mnt/ubna_data_01_mir/recover-20220722/UBNA_012/20220720_060000.WAV,Foliage,recover-20220722,012,1795
193.2615,193.2727,28906,33851,Eptesicus serotinus,0.137,0.24,-1,Echolocation,/mnt/ubna_data_01_mir/recover-20220722/UBNA_012/20220720_060000.WAV,Foliage,recover-20220722,012,1795
201.4555,201.4624,28906,37234,Eptesicus serotinus,0.111,0.213,-1,Echolocation,/mnt/ubna_data_01_mir/recover-20220722/UBNA_012/20220720_060000.WAV,Foliage,recover-20220722,012,1795
207.22050000000002,207.2307,28906,35221,Eptesicus serotinus,0.182,0.278,-1,Echolocation,/mnt/ubna_data_01_mir/recover-20220722/UBNA_012/20220720_060000.WAV,Foliage,recover-20220722,012,1795
209.7785,209.7875,28906,35526,Eptesicus serotinus,0.145,0.222,-1,Echolocation,/mnt/ubna_data_01_mir/recover-20220722/UBNA_012/20220720_060000.WAV,Foliage,recover-20220722,012,1795
210.3685,210.3779,28046,34357,Eptesicus serotinus,0.193,0.285,-1,Echolocation,/mnt/ubna_data_01_mir/recover-20220722/UBNA_012/20220720_060000.WAV,Foliage,recover-20220722,012,1795
211.7435,211.7518,27187,35009,Eptesicus serotinus,0.2,0.316,-1,Echolocation,/mnt/ubna_data_01_mir/recover-20220722/UBNA_012/20220720_060000.WAV,Foliage,recover-20220722,012,1795
221.1815,221.1902,28046,34358,Eptesicus serotinus,0.138,0.259,-1,Echolocation,/mnt/ubna_data_01_mir/recover-20220722/UBNA_012/20220720_060000.WAV,Foliage,recover-20220722,012,1795
225.57150000000001,225.5808,27187,35441,Eptesicus serotinus,0.159,0.277,-1,Echolocation,/mnt/ubna_data_01_mir/recover-20220722/UBNA_012/20220720_060000.WAV,Foliage,recover-20220722,012,1795
231.9295,231.9381,28046,35079,Eptesicus serotinus,0.204,0.322,-1,Echolocation,/mnt/ubna_data_01_mir/recover-20220722/UBNA_012/20220720_060000.WAV,Foliage,recover-20220722,012,1795
232.0745,232.0881,40078,43936,Pipistrellus nathusii,0.201,0.229,-1,Echolocation,/mnt/ubna_data_01_mir/recover-20220722/UBNA_012/20220720_060000.WAV,Foliage,recover-20220722,012,1795
233.5665,233.5789,28906,34263,Eptesicus serotinus,0.13,0.201,-1,Echolocation,/mnt/ubna_data_01_mir/recover-20220722/UBNA_012/20220720_060000.WAV,Foliage,recover-20220722,012,1795
241.0395,241.0488,28046,35211,Eptesicus serotinus,0.248,0.36,-1,Echolocation,/mnt/ubna_data_01_mir/recover-20220722/UBNA_012/20220720_060000.WAV,Foliage,recover-20220722,012,1795
252.7045,252.71359999999999,28046,34780,Eptesicus serotinus,0.14,0.215,-1,Echolocation,/mnt/ubna_data_01_mir/recover-20220722/UBNA_012/20220720_060000.WAV,Foliage,recover-20220722,012,1795
255.8495,255.8597,27187,33058,Eptesicus serotinus,0.138,0.233,-1,Echolocation,/mnt/ubna_data_01_mir/recover-20220722/UBNA_012/20220720_060000.WAV,Foliage,recover-20220722,012,1795
256.0455,256.0558,27187,34473,Eptesicus serotinus,0.162,0.218,-1,Echolocation,/mnt/ubna_data_01_mir/recover-20220722/UBNA_012/20220720_060000.WAV,Foliage,recover-20220722,012,1795
263.2545,263.2645,28906,35641,Eptesicus serotinus,0.137,0.2,-1,Echolocation,/mnt/ubna_data_01_mir/recover-20220722/UBNA_012/20220720_060000.WAV,Foliage,recover-20220722,012,1795
263.9765,263.9865,28046,34492,Eptesicus serotinus,0.171,0.276,-1,Echolocation,/mnt/ubna_data_01_mir/recover-20220722/UBNA_012/20220720_060000.WAV,Foliage,recover-20220722,012,1795
269.6775,269.6868,27187,34919,Eptesicus serotinus,0.15,0.22,-1,Echolocation,/mnt/ubna_data_01_mir/recover-20220722/UBNA_012/20220720_060000.WAV,Foliage,recover-20220722,012,1795
269.7425,269.7536,28046,34636,Eptesicus serotinus,0.143,0.202,-1,Echolocation,/mnt/ubna_data_01_mir/recover-20220722/UBNA_012/20220720_060000.WAV,Foliage,recover-20220722,012,1795
270.3325,270.3427,28046,34760,Eptesicus serotinus,0.177,0.248,-1,Echolocation,/mnt/ubna_data_01_mir/recover-20220722/UBNA_012/20220720_060000.WAV,Foliage,recover-20220722,012,1795
270.4645,270.4693,26328,39460,Plecotus auritus,0.165,0.266,-1,Echolocation,/mnt/ubna_data_01_mir/recover-20220722/UBNA_012/20220720_060000.WAV,Foliage,recover-20220722,012,1795
272.7585,272.7679,28906,35071,Eptesicus serotinus,0.165,0.26,-1,Echolocation,/mnt/ubna_data_01_mir/recover-20220722/UBNA_012/20220720_060000.WAV,Foliage,recover-20220722,012,1795
280.5565,280.5658,28906,35242,Eptesicus serotinus,0.136,0.222,-1,Echolocation,/mnt/ubna_data_01_mir/recover-20220722/UBNA_012/20220720_060000.WAV,Foliage,recover-20220722,012,1795
281.6715,281.68,28046,34695,Eptesicus serotinus,0.109,0.226,-1,Echolocation,/mnt/ubna_data_01_mir/recover-20220722/UBNA_012/20220720_060000.WAV,Foliage,recover-20220722,012,1795
294.5155,294.5255,28906,35338,Eptesicus serotinus,0.204,0.303,-1,Echolocation,/mnt/ubna_data_01_mir/recover-20220722/UBNA_012/20220720_060000.WAV,Foliage,recover-20220722,012,1795
298.3805,298.3979,27187,31467,Nyctalus leisleri,0.216,0.358,-1,Echolocation,/mnt/ubna_data_01_mir/recover-20220722/UBNA_012/20220720_060000.WAV,Foliage,recover-20220722,012,1795
303.4955,303.5025,28046,36190,Eptesicus serotinus,0.122,0.235,-1,Echolocation,/mnt/ubna_data_01_mir/recover-20220722/UBNA_012/20220720_060000.WAV,Foliage,recover-20220722,012,1795
313.7175,313.7278,28046,35858,Eptesicus serotinus,0.224,0.314,-1,Echolocation,/mnt/ubna_data_01_mir/recover-20220722/UBNA_012/20220720_060000.WAV,Foliage,recover-20220722,012,1795
322.7625,322.7711,28046,35427,Eptesicus serotinus,0.187,0.264,-1,Echolocation,/mnt/ubna_data_01_mir/recover-20220722/UBNA_012/20220720_060000.WAV,Foliage,recover-20220722,012,1795
323.8745,323.8865,28906,34903,Eptesicus serotinus,0.148,0.218,-1,Echolocation,/mnt/ubna_data_01_mir/recover-20220722/UBNA_012/20220720_060000.WAV,Foliage,recover-20220722,012,1795
331.4125,331.4199,28906,36398,Eptesicus serotinus,0.219,0.345,-1,Echolocation,/mnt/ubna_data_01_mir/recover-20220722/UBNA_012/20220720_060000.WAV,Foliage,recover-20220722,012,1795
332.0685,332.0773,27187,34942,Eptesicus serotinus,0.138,0.228,-1,Echolocation,/mnt/ubna_data_01_mir/recover-20220722/UBNA_012/20220720_060000.WAV,Foliage,recover-20220722,012,1795
335.1485,335.15840000000003,28046,35016,Eptesicus serotinus,0.223,0.314,-1,Echolocation,/mnt/ubna_data_01_mir/recover-20220722/UBNA_012/20220720_060000.WAV,Foliage,recover-20220722,012,1795
336.1975,336.207,27187,33887,Eptesicus serotinus,0.204,0.37,-1,Echolocation,/mnt/ubna_data_01_mir/recover-20220722/UBNA_012/20220720_060000.WAV,Foliage,recover-20220722,012,1795
340.9675,340.9747,56406,61242,Pipistrellus pygmaeus,0.216,0.22,-1,Echolocation,/mnt/ubna_data_01_mir/recover-20220722/UBNA_012/20220720_060000.WAV,Foliage,recover-20220722,012,1795
341.6245,341.6326,39218,45126,Pipistrellus nathusii,0.244,0.331,-1,Echolocation,/mnt/ubna_data_01_mir/recover-20220722/UBNA_012/20220720_060000.WAV,Foliage,recover-20220722,012,1795
342.8315,342.8405,38359,44628,Pipistrellus nathusii,0.132,0.201,-1,Echolocation,/mnt/ubna_data_01_mir/recover-20220722/UBNA_012/20220720_060000.WAV,Foliage,recover-20220722,012,1795
342.9475,342.957,28906,35212,Eptesicus serotinus,0.159,0.263,-1,Echolocation,/mnt/ubna_data_01_mir/recover-20220722/UBNA_012/20220720_060000.WAV,Foliage,recover-20220722,012,1795
343.1465,343.1552,38359,43029,Pipistrellus nathusii,0.311,0.411,-1,Echolocation,/mnt/ubna_data_01_mir/recover-20220722/UBNA_012/20220720_060000.WAV,Foliage,recover-20220722,012,1795
343.4005,343.4121,27187,32634,Eptesicus serotinus,0.142,0.242,-1,Echolocation,/mnt/ubna_data_01_mir/recover-20220722/UBNA_012/20220720_060000.WAV,Foliage,recover-20220722,012,1795
346.35450000000003,346.3646,28046,34230,Eptesicus serotinus,0.146,0.229,-1,Echolocation,/mnt/ubna_data_01_mir/recover-20220722/UBNA_012/20220720_060000.WAV,Foliage,recover-20220722,012,1795
347.7195,347.7273,39218,46566,Pipistrellus nathusii,0.221,0.359,-1,Echolocation,/mnt/ubna_data_01_mir/recover-20220722/UBNA_012/20220720_060000.WAV,Foliage,recover-20220722,012,1795
349.4825,349.5019,27187,30372,Nyctalus leisleri,0.148,0.206,-1,Echolocation,/mnt/ubna_data_01_mir/recover-20220722/UBNA_012/20220720_060000.WAV,Foliage,recover-20220722,012,1795
352.2545,352.2653,27187,33917,Eptesicus serotinus,0.143,0.289,-1,Echolocation,/mnt/ubna_data_01_mir/recover-20220722/UBNA_012/20220720_060000.WAV,Foliage,recover-20220722,012,1795
353.8615,353.8742,27187,32146,Eptesicus serotinus,0.123,0.223,-1,Echolocation,/mnt/ubna_data_01_mir/recover-20220722/UBNA_012/20220720_060000.WAV,Foliage,recover-20220722,012,1795
354.7715,354.7919,26328,29880,Nyctalus leisleri,0.262,0.334,-1,Echolocation,/mnt/ubna_data_01_mir/recover-20220722/UBNA_012/20220720_060000.WAV,Foliage,recover-20220722,012,1795
359.33050000000003,359.3426,28906,33724,Eptesicus serotinus,0.147,0.247,-1,Echolocation,/mnt/ubna_data_01_mir/recover-20220722/UBNA_012/20220720_060000.WAV,Foliage,recover-20220722,012,1795
360.2475,360.2595,28906,34062,Eptesicus serotinus,0.115,0.201,-1,Echolocation,/mnt/ubna_data_01_mir/recover-20220722/UBNA_012/20220720_060000.WAV,Foliage,recover-20220722,012,1795
360.7075,360.7145,27187,37305,Eptesicus serotinus,0.113,0.241,-1,Echolocation,/mnt/ubna_data_01_mir/recover-20220722/UBNA_012/20220720_060000.WAV,Foliage,recover-20220722,012,1795
365.6875,365.7001,28906,33739,Eptesicus serotinus,0.128,0.213,-1,Echolocation,/mnt/ubna_data_01_mir/recover-20220722/UBNA_012/20220720_060000.WAV,Foliage,recover-20220722,012,1795
372.7005,372.7098,27187,34848,Eptesicus serotinus,0.256,0.417,-1,Echolocation,/mnt/ubna_data_01_mir/recover-20220722/UBNA_012/20220720_060000.WAV,Foliage,recover-20220722,012,1795
375.7145,375.7259,28906,34362,Eptesicus serotinus,0.187,0.302,-1,Echolocation,/mnt/ubna_data_01_mir/recover-20220722/UBNA_012/20220720_060000.WAV,Foliage,recover-20220722,012,1795
388.2975,388.3093,28906,33724,Eptesicus serotinus,0.136,0.229,-1,Echolocation,/mnt/ubna_data_01_mir/recover-20220722/UBNA_012/20220720_060000.WAV,Foliage,recover-20220722,012,1795
389.5435,389.5527,28906,35741,Eptesicus serotinus,0.224,0.328,-1,Echolocation,/mnt/ubna_data_01_mir/recover-20220722/UBNA_012/20220720_060000.WAV,Foliage,recover-20220722,012,1795
403.9615,403.9703,28046,35711,Eptesicus serotinus,0.219,0.31,-1,Echolocation,/mnt/ubna_data_01_mir/recover-20220722/UBNA_012/20220720_060000.WAV,Foliage,recover-20220722,012,1795
408.2355,408.2472,24609,29477,Nyctalus leisleri,0.282,0.432,-1,Echolocation,/mnt/ubna_data_01_mir/recover-20220722/UBNA_012/20220720_060000.WAV,Foliage,recover-20220722,012,1795
408.2375,408.2522,40078,43225,Pipistrellus nathusii,0.179,0.216,-1,Echolocation,/mnt/ubna_data_01_mir/recover-20220722/UBNA_012/20220720_060000.WAV,Foliage,recover-20220722,012,1795
414.7255,414.7401,25468,29931,Eptesicus serotinus,0.111,0.228,-1,Echolocation,/mnt/ubna_data_01_mir/recover-20220722/UBNA_012/20220720_060000.WAV,Foliage,recover-20220722,012,1795
416.2875,416.303,38359,42142,Pipistrellus nathusii,0.185,0.225,-1,Echolocation,/mnt/ubna_data_01_mir/recover-20220722/UBNA_012/20220720_060000.WAV,Foliage,recover-20220722,012,1795
418.5745,418.5848,28046,34348,Eptesicus serotinus,0.164,0.282,-1,Echolocation,/mnt/ubna_data_01_mir/recover-20220722/UBNA_012/20220720_060000.WAV,Foliage,recover-20220722,012,1795
422.9015,422.9092,28046,35869,Eptesicus serotinus,0.164,0.258,-1,Echolocation,/mnt/ubna_data_01_mir/recover-20220722/UBNA_012/20220720_060000.WAV,Foliage,recover-20220722,012,1795
442.8915,442.8956,24609,39333,Plecotus austriacus,0.153,0.248,-1,Echolocation,/mnt/ubna_data_01_mir/recover-20220722/UBNA_012/20220720_060000.WAV,Foliage,recover-20220722,012,1795
452.5885,452.5971,27187,37295,Eptesicus serotinus,0.228,0.304,-1,Echolocation,/mnt/ubna_data_01_mir/recover-20220722/UBNA_012/20220720_060000.WAV,Foliage,recover-20220722,012,1795
490.6655,490.6733,28046,36231,Eptesicus serotinus,0.187,0.279,-1,Echolocation,/mnt/ubna_data_01_mir/recover-20220722/UBNA_012/20220720_060000.WAV,Foliage,recover-20220722,012,1795
491.7785,491.7882,28046,34943,Eptesicus serotinus,0.133,0.202,-1,Echolocation,/mnt/ubna_data_01_mir/recover-20220722/UBNA_012/20220720_060000.WAV,Foliage,recover-20220722,012,1795
493.3535,493.361,28046,35635,Eptesicus serotinus,0.133,0.225,-1,Echolocation,/mnt/ubna_data_01_mir/recover-20220722/UBNA_012/20220720_060000.WAV,Foliage,recover-20220722,012,1795
496.0395,496.0477,28046,35414,Eptesicus serotinus,0.199,0.312,-1,Echolocation,/mnt/ubna_data_01_mir/recover-20220722/UBNA_012/20220720_060000.WAV,Foliage,recover-20220722,012,1795
496.3665,496.3749,27187,34668,Eptesicus serotinus,0.125,0.21,-1,Echolocation,/mnt/ubna_data_01_mir/recover-20220722/UBNA_012/20220720_060000.WAV,Foliage,recover-20220722,012,1795
500.0355,500.0464,28906,34747,Eptesicus serotinus,0.185,0.292,-1,Echolocation,/mnt/ubna_data_01_mir/recover-20220722/UBNA_012/20220720_060000.WAV,Foliage,recover-20220722,012,1795
504.1005,504.1106,28906,34693,Eptesicus serotinus,0.114,0.211,-1,Echolocation,/mnt/ubna_data_01_mir/recover-20220722/UBNA_012/20220720_060000.WAV,Foliage,recover-20220722,012,1795
506.8525,506.864,28906,35145,Eptesicus serotinus,0.155,0.233,-1,Echolocation,/mnt/ubna_data_01_mir/recover-20220722/UBNA_012/20220720_060000.WAV,Foliage,recover-20220722,012,1795
507.9015,507.9106,28906,34832,Eptesicus serotinus,0.185,0.286,-1,Echolocation,/mnt/ubna_data_01_mir/recover-20220722/UBNA_012/20220720_060000.WAV,Foliage,recover-20220722,012,1795
508.5565,508.5686,28046,33604,Eptesicus serotinus,0.145,0.226,-1,Echolocation,/mnt/ubna_data_01_mir/recover-20220722/UBNA_012/20220720_060000.WAV,Foliage,recover-20220722,012,1795
516.0935,516.1023,27187,35381,Eptesicus serotinus,0.205,0.285,-1,Echolocation,/mnt/ubna_data_01_mir/recover-20220722/UBNA_012/20220720_060000.WAV,Foliage,recover-20220722,012,1795
528.2825,528.293,28906,34953,Eptesicus serotinus,0.134,0.201,-1,Echolocation,/mnt/ubna_data_01_mir/recover-20220722/UBNA_012/20220720_060000.WAV,Foliage,recover-20220722,012,1795
536.1465,536.1572,28046,34123,Eptesicus serotinus,0.147,0.224,-1,Echolocation,/mnt/ubna_data_01_mir/recover-20220722/UBNA_012/20220720_060000.WAV,Foliage,recover-20220722,012,1795
536.9985,537.009,28906,34599,Eptesicus serotinus,0.177,0.305,-1,Echolocation,/mnt/ubna_data_01_mir/recover-20220722/UBNA_012/20220720_060000.WAV,Foliage,recover-20220722,012,1795
541.3235,541.334,28906,34072,Eptesicus serotinus,0.164,0.268,-1,Echolocation,/mnt/ubna_data_01_mir/recover-20220722/UBNA_012/20220720_060000.WAV,Foliage,recover-20220722,012,1795
541.7835,541.7925,28046,35789,Eptesicus serotinus,0.181,0.257,-1,Echolocation,/mnt/ubna_data_01_mir/recover-20220722/UBNA_012/20220720_060000.WAV,Foliage,recover-20220722,012,1795
542.6365,542.6445,29765,36443,Eptesicus serotinus,0.093,0.216,-1,Echolocation,/mnt/ubna_data_01_mir/recover-20220722/UBNA_012/20220720_060000.WAV,Foliage,recover-20220722,012,1795
553.3835,553.3909,28046,36142,Eptesicus serotinus,0.15,0.258,-1,Echolocation,/mnt/ubna_data_01_mir/recover-20220722/UBNA_012/20220720_060000.WAV,Foliage,recover-20220722,012,1795
564.6565,564.6657,28046,34990,Eptesicus serotinus,0.133,0.213,-1,Echolocation,/mnt/ubna_data_01_mir/recover-20220722/UBNA_012/20220720_060000.WAV,Foliage,recover-20220722,012,1795
573.4375,573.4467,28046,35050,Eptesicus serotinus,0.175,0.287,-1,Echolocation,/mnt/ubna_data_01_mir/recover-20220722/UBNA_012/20220720_060000.WAV,Foliage,recover-20220722,012,1795
587.3305,587.3417,28046,33814,Eptesicus serotinus,0.12,0.214,-1,Echolocation,/mnt/ubna_data_01_mir/recover-20220722/UBNA_012/20220720_060000.WAV,Foliage,recover-20220722,012,1795
588.2455,588.2586,36640,39767,Pipistrellus nathusii,0.188,0.267,-1,Echolocation,/mnt/ubna_data_01_mir/recover-20220722/UBNA_012/20220720_060000.WAV,Foliage,recover-20220722,012,1795
604.8935,604.9043,28906,34336,Eptesicus serotinus,0.126,0.233,-1,Echolocation,/mnt/ubna_data_01_mir/recover-20220722/UBNA_012/20220720_060000.WAV,Foliage,recover-20220722,012,1795
608.1715,608.181,28046,35243,Eptesicus serotinus,0.178,0.253,-1,Echolocation,/mnt/ubna_data_01_mir/recover-20220722/UBNA_012/20220720_060000.WAV,Foliage,recover-20220722,012,1795
608.3015,608.3107,28046,35917,Eptesicus serotinus,0.246,0.35,-1,Echolocation,/mnt/ubna_data_01_mir/recover-20220722/UBNA_012/20220720_060000.WAV,Foliage,recover-20220722,012,1795
610.1385,610.1451,28046,37004,Eptesicus serotinus,0.194,0.309,-1,Echolocation,/mnt/ubna_data_01_mir/recover-20220722/UBNA_012/20220720_060000.WAV,Foliage,recover-20220722,012,1795
611.3185,611.3283,28046,34037,Eptesicus serotinus,0.178,0.325,-1,Echolocation,/mnt/ubna_data_01_mir/recover-20220722/UBNA_012/20220720_060000.WAV,Foliage,recover-20220722,012,1795
615.1835,615.1916,28046,36057,Eptesicus serotinus,0.225,0.324,-1,Echolocation,/mnt/ubna_data_01_mir/recover-20220722/UBNA_012/20220720_060000.WAV,Foliage,recover-20220722,012,1795
616.7545,616.7675,28906,33820,Eptesicus serotinus,0.118,0.217,-1,Echolocation,/mnt/ubna_data_01_mir/recover-20220722/UBNA_012/20220720_060000.WAV,Foliage,recover-20220722,012,1795
618.3305,618.3376,28906,38339,Eptesicus serotinus,0.164,0.262,-1,Echolocation,/mnt/ubna_data_01_mir/recover-20220722/UBNA_012/20220720_060000.WAV,Foliage,recover-20220722,012,1795
621.1845,621.2306,68437,82678,Rhinolophus ferrumequinum,0.251,0.251,-1,Echolocation,/mnt/ubna_data_01_mir/recover-20220722/UBNA_012/20220720_060000.WAV,Foliage,recover-20220722,012,1795
623.3755,623.3842,28046,36273,Eptesicus serotinus,0.181,0.265,-1,Echolocation,/mnt/ubna_data_01_mir/recover-20220722/UBNA_012/20220720_060000.WAV,Foliage,recover-20220722,012,1795
626.7165,626.7276,28046,34220,Eptesicus serotinus,0.146,0.219,-1,Echolocation,/mnt/ubna_data_01_mir/recover-20220722/UBNA_012/20220720_060000.WAV,Foliage,recover-20220722,012,1795
632.0915,632.1019,28046,34971,Eptesicus serotinus,0.15,0.211,-1,Echolocation,/mnt/ubna_data_01_mir/recover-20220722/UBNA_012/20220720_060000.WAV,Foliage,recover-20220722,012,1795
634.2715,634.2832,27187,33773,Eptesicus serotinus,0.158,0.251,-1,Echolocation,/mnt/ubna_data_01_mir/recover-20220722/UBNA_012/20220720_060000.WAV,Foliage,recover-20220722,012,1795
638.9735,638.9834,28906,35064,Eptesicus serotinus,0.119,0.202,-1,Echolocation,/mnt/ubna_data_01_mir/recover-20220722/UBNA_012/20220720_060000.WAV,Foliage,recover-20220722,012,1795
641.4615,641.475,28906,33604,Eptesicus serotinus,0.139,0.26,-1,Echolocation,/mnt/ubna_data_01_mir/recover-20220722/UBNA_012/20220720_060000.WAV,Foliage,recover-20220722,012,1795
650.5065,650.5179,28906,34527,Eptesicus serotinus,0.143,0.236,-1,Echolocation,/mnt/ubna_data_01_mir/recover-20220722/UBNA_012/20220720_060000.WAV,Foliage,recover-20220722,012,1795
655.4875,655.4995,28906,34412,Eptesicus serotinus,0.17,0.286,-1,Echolocation,/mnt/ubna_data_01_mir/recover-20220722/UBNA_012/20220720_060000.WAV,Foliage,recover-20220722,012,1795
655.6855,655.695,28046,34686,Eptesicus serotinus,0.157,0.231,-1,Echolocation,/mnt/ubna_data_01_mir/recover-20220722/UBNA_012/20220720_060000.WAV,Foliage,recover-20220722,012,1795
656.8765,656.8894,29765,33520,Nyctalus leisleri,0.154,0.326,-1,Echolocation,/mnt/ubna_data_01_mir/recover-20220722/UBNA_012/20220720_060000.WAV,Foliage,recover-20220722,012,1795
669.5135,669.5224,28046,34826,Eptesicus serotinus,0.122,0.204,-1,Echolocation,/mnt/ubna_data_01_mir/recover-20220722/UBNA_012/20220720_060000.WAV,Foliage,recover-20220722,012,1795
669.9055,669.9164,28906,34495,Eptesicus serotinus,0.141,0.235,-1,Echolocation,/mnt/ubna_data_01_mir/recover-20220722/UBNA_012/20220720_060000.WAV,Foliage,recover-20220722,012,1795
682.0975,682.1081,29765,34477,Eptesicus serotinus,0.122,0.221,-1,Echolocation,/mnt/ubna_data_01_mir/recover-20220722/UBNA_012/20220720_060000.WAV,Foliage,recover-20220722,012,1795
693.6305,693.6387,28046,34790,Eptesicus serotinus,0.141,0.221,-1,Echolocation,/mnt/ubna_data_01_mir/recover-20220722/UBNA_012/20220720_060000.WAV,Foliage,recover-20220722,012,1795
703.0005,703.0126,28906,33852,Eptesicus serotinus,0.119,0.208,-1,Echolocation,/mnt/ubna_data_01_mir/recover-20220722/UBNA_012/20220720_060000.WAV,Foliage,recover-20220722,012,1795
704.5095,704.5175,28906,36434,Eptesicus serotinus,0.132,0.215,-1,Echolocation,/mnt/ubna_data_01_mir/recover-20220722/UBNA_012/20220720_060000.WAV,Foliage,recover-20220722,012,1795
707.0005,707.007,28046,37175,Eptesicus serotinus,0.068,0.222,-1,Echolocation,/mnt/ubna_data_01_mir/recover-20220722/UBNA_012/20220720_060000.WAV,Foliage,recover-20220722,012,1795
709.4185,709.4306,26328,32111,Eptesicus serotinus,0.147,0.222,-1,Echolocation,/mnt/ubna_data_01_mir/recover-20220722/UBNA_012/20220720_060000.WAV,Foliage,recover-20220722,012,1795
711.9805,711.9891,27187,34931,Eptesicus serotinus,0.13,0.211,-1,Echolocation,/mnt/ubna_data_01_mir/recover-20220722/UBNA_012/20220720_060000.WAV,Foliage,recover-20220722,012,1795
714.7995,714.8073,28906,35085,Eptesicus serotinus,0.141,0.242,-1,Echolocation,/mnt/ubna_data_01_mir/recover-20220722/UBNA_012/20220720_060000.WAV,Foliage,recover-20220722,012,1795
715.3875,715.397,28046,35238,Eptesicus serotinus,0.155,0.223,-1,Echolocation,/mnt/ubna_data_01_mir/recover-20220722/UBNA_012/20220720_060000.WAV,Foliage,recover-20220722,012,1795
717.5645,717.5777,24609,28943,Nyctalus leisleri,0.29,0.423,-1,Echolocation,/mnt/ubna_data_01_mir/recover-20220722/UBNA_012/20220720_060000.WAV,Foliage,recover-20220722,012,1795
718.9285,718.9389,27187,33474,Eptesicus serotinus,0.127,0.243,-1,Echolocation,/mnt/ubna_data_01_mir/recover-20220722/UBNA_012/20220720_060000.WAV,Foliage,recover-20220722,012,1795
720.4565,720.4638,43515,47047,Pipistrellus pipistrellus,0.215,0.237,-1,Echolocation,/mnt/ubna_data_01_mir/recover-20220722/UBNA_012/20220720_060000.WAV,Foliage,recover-20220722,012,1795
726.0035,726.0127,27187,35752,Eptesicus serotinus,0.194,0.29,-1,Echolocation,/mnt/ubna_data_01_mir/recover-20220722/UBNA_012/20220720_060000.WAV,Foliage,recover-20220722,012,1795
751.7115,751.7184,45234,52781,Pipistrellus pipistrellus,0.239,0.249,-1,Echolocation,/mnt/ubna_data_01_mir/recover-20220722/UBNA_012/20220720_060000.WAV,Foliage,recover-20220722,012,1795
753.2035,753.2114,27187,35345,Eptesicus serotinus,0.144,0.246,-1,Echolocation,/mnt/ubna_data_01_mir/recover-20220722/UBNA_012/20220720_060000.WAV,Foliage,recover-20220722,012,1795
760.4115,760.4203,28906,36287,Eptesicus serotinus,0.157,0.237,-1,Echolocation,/mnt/ubna_data_01_mir/recover-20220722/UBNA_012/20220720_060000.WAV,Foliage,recover-20220722,012,1795
767.6205,767.6292,28046,36428,Eptesicus serotinus,0.2,0.274,-1,Echolocation,/mnt/ubna_data_01_mir/recover-20220722/UBNA_012/20220720_060000.WAV,Foliage,recover-20220722,012,1795
770.4365,770.4465,28046,35184,Eptesicus serotinus,0.159,0.225,-1,Echolocation,/mnt/ubna_data_01_mir/recover-20220722/UBNA_012/20220720_060000.WAV,Foliage,recover-20220722,012,1795
770.6335,770.645,29765,35787,Eptesicus serotinus,0.203,0.324,-1,Echolocation,/mnt/ubna_data_01_mir/recover-20220722/UBNA_012/20220720_060000.WAV,Foliage,recover-20220722,012,1795
771.1595,771.1686,27187,35064,Eptesicus serotinus,0.177,0.259,-1,Echolocation,/mnt/ubna_data_01_mir/recover-20220722/UBNA_012/20220720_060000.WAV,Foliage,recover-20220722,012,1795
775.0285,775.0341,27187,37181,Plecotus auritus,0.101,0.234,-1,Echolocation,/mnt/ubna_data_01_mir/recover-20220722/UBNA_012/20220720_060000.WAV,Foliage,recover-20220722,012,1795
775.9425,775.9546,28906,33668,Eptesicus serotinus,0.143,0.224,-1,Echolocation,/mnt/ubna_data_01_mir/recover-20220722/UBNA_012/20220720_060000.WAV,Foliage,recover-20220722,012,1795
782.4985,782.5064,28046,36369,Eptesicus serotinus,0.109,0.206,-1,Echolocation,/mnt/ubna_data_01_mir/recover-20220722/UBNA_012/20220720_060000.WAV,Foliage,recover-20220722,012,1795
787.3465,787.3589,28906,33703,Eptesicus serotinus,0.149,0.247,-1,Echolocation,/mnt/ubna_data_01_mir/recover-20220722/UBNA_012/20220720_060000.WAV,Foliage,recover-20220722,012,1795
807.0735,807.0828,28906,34766,Eptesicus serotinus,0.202,0.325,-1,Echolocation,/mnt/ubna_data_01_mir/recover-20220722/UBNA_012/20220720_060000.WAV,Foliage,recover-20220722,012,1795
816.1145,816.1256,28906,35507,Eptesicus serotinus,0.178,0.261,-1,Echolocation,/mnt/ubna_data_01_mir/recover-20220722/UBNA_012/20220720_060000.WAV,Foliage,recover-20220722,012,1795
826.6675,826.6765,27187,34645,Eptesicus serotinus,0.182,0.266,-1,Echolocation,/mnt/ubna_data_01_mir/recover-20220722/UBNA_012/20220720_060000.WAV,Foliage,recover-20220722,012,1795
826.9305,826.9405,28046,34541,Eptesicus serotinus,0.174,0.27,-1,Echolocation,/mnt/ubna_data_01_mir/recover-20220722/UBNA_012/20220720_060000.WAV,Foliage,recover-20220722,012,1795
830.9935,831.004,28046,33965,Eptesicus serotinus,0.169,0.277,-1,Echolocation,/mnt/ubna_data_01_mir/recover-20220722/UBNA_012/20220720_060000.WAV,Foliage,recover-20220722,012,1795
831.3875,831.3949,28906,36300,Eptesicus serotinus,0.105,0.202,-1,Echolocation,/mnt/ubna_data_01_mir/recover-20220722/UBNA_012/20220720_060000.WAV,Foliage,recover-20220722,012,1795
838.9885,838.9983,28906,35439,Eptesicus serotinus,0.202,0.301,-1,Echolocation,/mnt/ubna_data_01_mir/recover-20220722/UBNA_012/20220720_060000.WAV,Foliage,recover-20220722,012,1795
849.1455,849.1547,28046,35219,Eptesicus serotinus,0.188,0.291,-1,Echolocation,/mnt/ubna_data_01_mir/recover-20220722/UBNA_012/20220720_060000.WAV,Foliage,recover-20220722,012,1795
863.4345,863.4449,28046,35168,Eptesicus serotinus,0.146,0.215,-1,Echolocation,/mnt/ubna_data_01_mir/recover-20220722/UBNA_012/20220720_060000.WAV,Foliage,recover-20220722,012,1795
892.4805,892.4903,30625,37320,Eptesicus serotinus,0.195,0.348,-1,Echolocation,/mnt/ubna_data_01_mir/recover-20220722/UBNA_012/20220720_060000.WAV,Foliage,recover-20220722,012,1795
893.7275,893.7405,40937,44917,Pipistrellus nathusii,0.173,0.274,-1,Echolocation,/mnt/ubna_data_01_mir/recover-20220722/UBNA_012/20220720_060000.WAV,Foliage,recover-20220722,012,1795
893.7275,893.7411,23750,28752,Nyctalus leisleri,0.258,0.358,-1,Echolocation,/mnt/ubna_data_01_mir/recover-20220722/UBNA_012/20220720_060000.WAV,Foliage,recover-20220722,012,1795
894.4325,894.4434,28906,34414,Eptesicus serotinus,0.135,0.234,-1,Echolocation,/mnt/ubna_data_01_mir/recover-20220722/UBNA_012/20220720_060000.WAV,Foliage,recover-20220722,012,1795
906.5105,906.5311,19453,22796,Nyctalus noctula,0.142,0.229,-1,Echolocation,/mnt/ubna_data_01_mir/recover-20220722/UBNA_012/20220720_060000.WAV,Foliage,recover-20220722,012,1795
915.6655,915.6754,28906,35387,Eptesicus serotinus,0.139,0.213,-1,Echolocation,/mnt/ubna_data_01_mir/recover-20220722/UBNA_012/20220720_060000.WAV,Foliage,recover-20220722,012,1795
919.9855,919.9987,30625,36128,Eptesicus serotinus,0.109,0.219,-1,Echolocation,/mnt/ubna_data_01_mir/recover-20220722/UBNA_012/20220720_060000.WAV,Foliage,recover-20220722,012,1795
940.5035,940.5121,28046,35763,Eptesicus serotinus,0.131,0.213,-1,Echolocation,/mnt/ubna_data_01_mir/recover-20220722/UBNA_012/20220720_060000.WAV,Foliage,recover-20220722,012,1795
953.2835,953.2951,28906,33992,Eptesicus serotinus,0.119,0.211,-1,Echolocation,/mnt/ubna_data_01_mir/recover-20220722/UBNA_012/20220720_060000.WAV,Foliage,recover-20220722,012,1795
964.0045,964.0183,24609,29172,Nyctalus leisleri,0.107,0.216,-1,Echolocation,/mnt/ubna_data_01_mir/recover-20220722/UBNA_012/20220720_060000.WAV,Foliage,recover-20220722,012,1795
966.2595,966.2717,28906,33652,Nyctalus leisleri,0.134,0.285,-1,Echolocation,/mnt/ubna_data_01_mir/recover-20220722/UBNA_012/20220720_060000.WAV,Foliage,recover-20220722,012,1795
966.6405,966.6517,28906,37234,Eptesicus serotinus,0.306,0.498,-1,Echolocation,/mnt/ubna_data_01_mir/recover-20220722/UBNA_012/20220720_060000.WAV,Foliage,recover-20220722,012,1795
966.8505,966.86,25468,34043,Eptesicus serotinus,0.114,0.212,-1,Echolocation,/mnt/ubna_data_01_mir/recover-20220722/UBNA_012/20220720_060000.WAV,Foliage,recover-20220722,012,1795
967.0255,967.0378,28046,35368,Eptesicus serotinus,0.275,0.497,-1,Echolocation,/mnt/ubna_data_01_mir/recover-20220722/UBNA_012/20220720_060000.WAV,Foliage,recover-20220722,012,1795
967.6355,967.6455,28906,35538,Eptesicus serotinus,0.163,0.238,-1,Echolocation,/mnt/ubna_data_01_mir/recover-20220722/UBNA_012/20220720_060000.WAV,Foliage,recover-20220722,012,1795
968.5675,968.578,39218,43857,Pipistrellus nathusii,0.244,0.258,-1,Echolocation,/mnt/ubna_data_01_mir/recover-20220722/UBNA_012/20220720_060000.WAV,Foliage,recover-20220722,012,1795
968.7485,968.7566,39218,46084,Pipistrellus nathusii,0.591,0.677,-1,Echolocation,/mnt/ubna_data_01_mir/recover-20220722/UBNA_012/20220720_060000.WAV,Foliage,recover-20220722,012,1795
968.8795,968.8868,38359,45535,Pipistrellus nathusii,0.561,0.609,-1,Echolocation,/mnt/ubna_data_01_mir/recover-20220722/UBNA_012/20220720_060000.WAV,Foliage,recover-20220722,012,1795
968.9865,968.9939,38359,44943,Pipistrellus nathusii,0.598,0.642,-1,Echolocation,/mnt/ubna_data_01_mir/recover-20220722/UBNA_012/20220720_060000.WAV,Foliage,recover-20220722,012,1795
969.1875,969.1971,38359,44451,Pipistrellus nathusii,0.511,0.618,-1,Echolocation,/mnt/ubna_data_01_mir/recover-20220722/UBNA_012/20220720_060000.WAV,Foliage,recover-20220722,012,1795
969.2925,969.2997,39218,46105,Pipistrellus nathusii,0.591,0.65,-1,Echolocation,/mnt/ubna_data_01_mir/recover-20220722/UBNA_012/20220720_060000.WAV,Foliage,recover-20220722,012,1795
969.4905,969.4988,38359,44597,Pipistrellus nathusii,0.525,0.597,-1,Echolocation,/mnt/ubna_data_01_mir/recover-20220722/UBNA_012/20220720_060000.WAV,Foliage,recover-20220722,012,1795
969.5985,969.607,38359,43621,Pipistrellus nathusii,0.321,0.38,-1,Echolocation,/mnt/ubna_data_01_mir/recover-20220722/UBNA_012/20220720_060000.WAV,Foliage,recover-20220722,012,1795
969.6965,969.7041,38359,44695,Pipistrellus nathusii,0.377,0.472,-1,Echolocation,/mnt/ubna_data_01_mir/recover-20220722/UBNA_012/20220720_060000.WAV,Foliage,recover-20220722,012,1795
970.2145,970.2226,37500,43177,Pipistrellus nathusii,0.393,0.476,-1,Echolocation,/mnt/ubna_data_01_mir/recover-20220722/UBNA_012/20220720_060000.WAV,Foliage,recover-20220722,012,1795
970.5175,970.5273,37500,42028,Pipistrellus nathusii,0.216,0.284,-1,Echolocation,/mnt/ubna_data_01_mir/recover-20220722/UBNA_012/20220720_060000.WAV,Foliage,recover-20220722,012,1795
970.9055,970.9158,37500,40605,Pipistrellus nathusii,0.185,0.213,-1,Echolocation,/mnt/ubna_data_01_mir/recover-20220722/UBNA_012/20220720_060000.WAV,Foliage,recover-20220722,012,1795
971.0035,971.0116,38359,43860,Pipistrellus nathusii,0.489,0.554,-1,Echolocation,/mnt/ubna_data_01_mir/recover-20220722/UBNA_012/20220720_060000.WAV,Foliage,recover-20220722,012,1795
971.2115,971.2215,37500,41922,Pipistrellus nathusii,0.165,0.211,-1,Echolocation,/mnt/ubna_data_01_mir/recover-20220722/UBNA_012/20220720_060000.WAV,Foliage,recover-20220722,012,1795
971.4015,971.4114,37500,42091,Pipistrellus nathusii,0.323,0.392,-1,Echolocation,/mnt/ubna_data_01_mir/recover-20220722/UBNA_012/20220720_060000.WAV,Foliage,recover-20220722,012,1795
973.6535,973.6724,20312,23935,Nyctalus noctula,0.127,0.212,-1,Echolocation,/mnt/ubna_data_01_mir/recover-20220722/UBNA_012/20220720_060000.WAV,Foliage,recover-20220722,012,1795
992.3425,992.354,28906,35171,Eptesicus serotinus,0.141,0.2,-1,Echolocation,/mnt/ubna_data_01_mir/recover-20220722/UBNA_012/20220720_060000.WAV,Foliage,recover-20220722,012,1795
999.8145,999.8236,28906,35487,Eptesicus serotinus,0.151,0.246,-1,Echolocation,/mnt/ubna_data_01_mir/recover-20220722/UBNA_012/20220720_060000.WAV,Foliage,recover-20220722,012,1795
999.8805,999.8883,28046,36598,Eptesicus serotinus,0.219,0.315,-1,Echolocation,/mnt/ubna_data_01_mir/recover-20220722/UBNA_012/20220720_060000.WAV,Foliage,recover-20220722,012,1795
1004.4015,1004.4107,28046,35839,Eptesicus serotinus,0.213,0.286,-1,Echolocation,/mnt/ubna_data_01_mir/recover-20220722/UBNA_012/20220720_060000.WAV,Foliage,recover-20220722,012,1795
1006.8915,1006.903,28906,34996,Eptesicus serotinus,0.149,0.209,-1,Echolocation,/mnt/ubna_data_01_mir/recover-20220722/UBNA_012/20220720_060000.WAV,Foliage,recover-20220722,012,1795
1008.7935,1008.8004,28906,38110,Eptesicus serotinus,0.15,0.255,-1,Echolocation,/mnt/ubna_data_01_mir/recover-20220722/UBNA_012/20220720_060000.WAV,Foliage,recover-20220722,012,1795
1009.9715,1009.9828,28906,33619,Eptesicus serotinus,0.136,0.219,-1,Echolocation,/mnt/ubna_data_01_mir/recover-20220722/UBNA_012/20220720_060000.WAV,Foliage,recover-20220722,012,1795
1032.2055,1032.2201,46093,49447,Pipistrellus pipistrellus,0.213,0.241,-1,Echolocation,/mnt/ubna_data_01_mir/recover-20220722/UBNA_012/20220720_060000.WAV,Foliage,recover-20220722,012,1795
1032.2065,1032.2226,22890,25981,Nyctalus leisleri,0.611,0.627,-1,Echolocation,/mnt/ubna_data_01_mir/recover-20220722/UBNA_012/20220720_060000.WAV,Foliage,recover-20220722,012,1795
1036.9085,1036.9191,28906,35570,Eptesicus serotinus,0.149,0.21,-1,Echolocation,/mnt/ubna_data_01_mir/recover-20220722/UBNA_012/20220720_060000.WAV,Foliage,recover-20220722,012,1795
1042.6525,1042.6663,22890,27552,Nyctalus leisleri,0.1,0.202,-1,Echolocation,/mnt/ubna_data_01_mir/recover-20220722/UBNA_012/20220720_060000.WAV,Foliage,recover-20220722,012,1795
1044.1815,1044.192,28046,34213,Eptesicus serotinus,0.137,0.231,-1,Echolocation,/mnt/ubna_data_01_mir/recover-20220722/UBNA_012/20220720_060000.WAV,Foliage,recover-20220722,012,1795
1046.6075,1046.6183,28906,33694,Eptesicus serotinus,0.175,0.293,-1,Echolocation,/mnt/ubna_data_01_mir/recover-20220722/UBNA_012/20220720_060000.WAV,Foliage,recover-20220722,012,1795
1047.3295,1047.3405,27187,32926,Eptesicus serotinus,0.115,0.213,-1,Echolocation,/mnt/ubna_data_01_mir/recover-20220722/UBNA_012/20220720_060000.WAV,Foliage,recover-20220722,012,1795
1060.0405,1060.052,29765,33839,Eptesicus serotinus,0.141,0.27,-1,Echolocation,/mnt/ubna_data_01_mir/recover-20220722/UBNA_012/20220720_060000.WAV,Foliage,recover-20220722,012,1795
1064.9555,1064.9644,28046,35897,Eptesicus serotinus,0.141,0.202,-1,Echolocation,/mnt/ubna_data_01_mir/recover-20220722/UBNA_012/20220720_060000.WAV,Foliage,recover-20220722,012,1795
1067.0535,1067.0637,28906,34412,Eptesicus serotinus,0.133,0.208,-1,Echolocation,/mnt/ubna_data_01_mir/recover-20220722/UBNA_012/20220720_060000.WAV,Foliage,recover-20220722,012,1795
1069.8875,1069.903,23750,27530,Nyctalus leisleri,0.301,0.38,-1,Echolocation,/mnt/ubna_data_01_mir/recover-20220722/UBNA_012/20220720_060000.WAV,Foliage,recover-20220722,012,1795
1069.8895,1069.9013,40078,44336,Pipistrellus nathusii,0.165,0.207,-1,Echolocation,/mnt/ubna_data_01_mir/recover-20220722/UBNA_012/20220720_060000.WAV,Foliage,recover-20220722,012,1795
1073.4765,1073.4876,28046,33456,Eptesicus serotinus,0.155,0.251,-1,Echolocation,/mnt/ubna_data_01_mir/recover-20220722/UBNA_012/20220720_060000.WAV,Foliage,recover-20220722,012,1795
1074.9845,1074.9927,28906,35966,Eptesicus serotinus,0.128,0.21,-1,Echolocation,/mnt/ubna_data_01_mir/recover-20220722/UBNA_012/20220720_060000.WAV,Foliage,recover-20220722,012,1795
1082.7815,1082.7915,28046,34749,Eptesicus serotinus,0.151,0.229,-1,Echolocation,/mnt/ubna_data_01_mir/recover-20220722/UBNA_012/20220720_060000.WAV,Foliage,recover-20220722,012,1795
1088.2885,1088.2997,28046,34360,Eptesicus serotinus,0.15,0.208,-1,Echolocation,/mnt/ubna_data_01_mir/recover-20220722/UBNA_012/20220720_060000.WAV,Foliage,recover-20220722,012,1795
1091.6305,1091.6392,28906,35725,Eptesicus serotinus,0.133,0.201,-1,Echolocation,/mnt/ubna_data_01_mir/recover-20220722/UBNA_012/20220720_060000.WAV,Foliage,recover-20220722,012,1795
1099.7565,1099.7685,28046,33215,Eptesicus serotinus,0.11,0.201,-1,Echolocation,/mnt/ubna_data_01_mir/recover-20220722/UBNA_012/20220720_060000.WAV,Foliage,recover-20220722,012,1795
1105.1315,1105.1401,28046,35100,Eptesicus serotinus,0.144,0.223,-1,Echolocation,/mnt/ubna_data_01_mir/recover-20220722/UBNA_012/20220720_060000.WAV,Foliage,recover-20220722,012,1795
1106.8335,1106.8443,28906,34053,Eptesicus serotinus,0.239,0.46,-1,Echolocation,/mnt/ubna_data_01_mir/recover-20220722/UBNA_012/20220720_060000.WAV,Foliage,recover-20220722,012,1795
1115.4195,1115.4312,28906,34752,Eptesicus serotinus,0.155,0.222,-1,Echolocation,/mnt/ubna_data_01_mir/recover-20220722/UBNA_012/20220720_060000.WAV,Foliage,recover-20220722,012,1795
1116.1395,1116.1507,28906,34855,Eptesicus serotinus,0.148,0.238,-1,Echolocation,/mnt/ubna_data_01_mir/recover-20220722/UBNA_012/20220720_060000.WAV,Foliage,recover-20220722,012,1795
1118.2375,1118.2468,28046,34347,Eptesicus serotinus,0.143,0.251,-1,Echolocation,/mnt/ubna_data_01_mir/recover-20220722/UBNA_012/20220720_060000.WAV,Foliage,recover-20220722,012,1795
1122.2365,1122.2439,28046,36392,Eptesicus serotinus,0.26,0.382,-1,Echolocation,/mnt/ubna_data_01_mir/recover-20220722/UBNA_012/20220720_060000.WAV,Foliage,recover-20220722,012,1795
1122.4325,1122.4405,28046,37495,Eptesicus serotinus,0.13,0.205,-1,Echolocation,/mnt/ubna_data_01_mir/recover-20220722/UBNA_012/20220720_060000.WAV,Foliage,recover-20220722,012,1795
1123.4165,1123.4257,28046,34491,Eptesicus serotinus,0.172,0.288,-1,Echolocation,/mnt/ubna_data_01_mir/recover-20220722/UBNA_012/20220720_060000.WAV,Foliage,recover-20220722,012,1795
1127.1505,1127.1617,28906,34293,Eptesicus serotinus,0.158,0.267,-1,Echolocation,/mnt/ubna_data_01_mir/recover-20220722/UBNA_012/20220720_060000.WAV,Foliage,recover-20220722,012,1795
1130.2305,1130.2391,28046,36503,Eptesicus serotinus,0.191,0.276,-1,Echolocation,/mnt/ubna_data_01_mir/recover-20220722/UBNA_012/20220720_060000.WAV,Foliage,recover-20220722,012,1795
1134.4245,1134.4383,29765,33267,Eptesicus serotinus,0.105,0.228,-1,Echolocation,/mnt/ubna_data_01_mir/recover-20220722/UBNA_012/20220720_060000.WAV,Foliage,recover-20220722,012,1795
1135.2195,1135.2358,23750,28162,Nyctalus leisleri,0.147,0.226,-1,Echolocation,/mnt/ubna_data_01_mir/recover-20220722/UBNA_012/20220720_060000.WAV,Foliage,recover-20220722,012,1795
1137.7665,1137.7766,28906,34491,Eptesicus serotinus,0.174,0.275,-1,Echolocation,/mnt/ubna_data_01_mir/recover-20220722/UBNA_012/20220720_060000.WAV,Foliage,recover-20220722,012,1795
1141.8305,1141.8431,28906,34093,Eptesicus serotinus,0.152,0.249,-1,Echolocation,/mnt/ubna_data_01_mir/recover-20220722/UBNA_012/20220720_060000.WAV,Foliage,recover-20220722,012,1795
1144.7805,1144.7904,28906,35689,Eptesicus serotinus,0.152,0.223,-1,Echolocation,/mnt/ubna_data_01_mir/recover-20220722/UBNA_012/20220720_060000.WAV,Foliage,recover-20220722,012,1795
1148.4495,1148.4591,28046,35219,Eptesicus serotinus,0.169,0.247,-1,Echolocation,/mnt/ubna_data_01_mir/recover-20220722/UBNA_012/20220720_060000.WAV,Foliage,recover-20220722,012,1795
1151.3985,1151.4083,28906,35702,Eptesicus serotinus,0.159,0.229,-1,Echolocation,/mnt/ubna_data_01_mir/recover-20220722/UBNA_012/20220720_060000.WAV,Foliage,recover-20220722,012,1795
1152.1855,1152.1952,28906,36170,Eptesicus serotinus,0.155,0.213,-1,Echolocation,/mnt/ubna_data_01_mir/recover-20220722/UBNA_012/20220720_060000.WAV,Foliage,recover-20220722,012,1795
1153.4965,1153.5045,28046,35275,Eptesicus serotinus,0.133,0.214,-1,Echolocation,/mnt/ubna_data_01_mir/recover-20220722/UBNA_012/20220720_060000.WAV,Foliage,recover-20220722,012,1795
1160.1135,1160.125,28906,34218,Eptesicus serotinus,0.189,0.288,-1,Echolocation,/mnt/ubna_data_01_mir/recover-20220722/UBNA_012/20220720_060000.WAV,Foliage,recover-20220722,012,1795
1171.7945,1171.8073,17734,24208,Nyctalus noctula,0.118,0.217,-1,Echolocation,/mnt/ubna_data_01_mir/recover-20220722/UBNA_012/20220720_060000.WAV,Foliage,recover-20220722,012,1795
1173.2885,1173.2959,28046,36511,Eptesicus serotinus,0.13,0.214,-1,Echolocation,/mnt/ubna_data_01_mir/recover-20220722/UBNA_012/20220720_060000.WAV,Foliage,recover-20220722,012,1795
1174.9265,1174.9345,28046,35302,Eptesicus serotinus,0.156,0.255,-1,Echolocation,/mnt/ubna_data_01_mir/recover-20220722/UBNA_012/20220720_060000.WAV,Foliage,recover-20220722,012,1795
1184.0365,1184.0456,28906,35891,Eptesicus serotinus,0.246,0.378,-1,Echolocation,/mnt/ubna_data_01_mir/recover-20220722/UBNA_012/20220720_060000.WAV,Foliage,recover-20220722,012,1795
1184.2115,1184.2243,29765,33898,Nyctalus leisleri,0.114,0.236,-1,Echolocation,/mnt/ubna_data_01_mir/recover-20220722/UBNA_012/20220720_060000.WAV,Foliage,recover-20220722,012,1795
1185.7395,1185.7508,28906,34728,Eptesicus serotinus,0.167,0.257,-1,Echolocation,/mnt/ubna_data_01_mir/recover-20220722/UBNA_012/20220720_060000.WAV,Foliage,recover-20220722,012,1795
1192.4245,1192.434,28906,35250,Eptesicus serotinus,0.14,0.22,-1,Echolocation,/mnt/ubna_data_01_mir/recover-20220722/UBNA_012/20220720_060000.WAV,Foliage,recover-20220722,012,1795
1192.7525,1192.7606,28046,34774,Eptesicus serotinus,0.144,0.228,-1,Echolocation,/mnt/ubna_data_01_mir/recover-20220722/UBNA_012/20220720_060000.WAV,Foliage,recover-20220722,012,1795
1194.0635,1194.0709,28046,35505,Eptesicus serotinus,0.155,0.295,-1,Echolocation,/mnt/ubna_data_01_mir/recover-20220722/UBNA_012/20220720_060000.WAV,Foliage,recover-20220722,012,1795
1198.7165,1198.7254,27187,34579,Eptesicus serotinus,0.153,0.243,-1,Echolocation,/mnt/ubna_data_01_mir/recover-20220722/UBNA_012/20220720_060000.WAV,Foliage,recover-20220722,012,1795
1200.9445,1200.9525,28046,35115,Eptesicus serotinus,0.151,0.242,-1,Echolocation,/mnt/ubna_data_01_mir/recover-20220722/UBNA_012/20220720_060000.WAV,Foliage,recover-20220722,012,1795
1201.3375,1201.3485,28906,33783,Eptesicus serotinus,0.152,0.276,-1,Echolocation,/mnt/ubna_data_01_mir/recover-20220722/UBNA_012/20220720_060000.WAV,Foliage,recover-20220722,012,1795
1203.4995,1203.51,28906,35897,Eptesicus serotinus,0.162,0.25,-1,Echolocation,/mnt/ubna_data_01_mir/recover-20220722/UBNA_012/20220720_060000.WAV,Foliage,recover-20220722,012,1795
1205.0745,1205.0837,25468,33340,Eptesicus serotinus,0.17,0.333,-1,Echolocation,/mnt/ubna_data_01_mir/recover-20220722/UBNA_012/20220720_060000.WAV,Foliage,recover-20220722,012,1795
1210.1855,1210.1931,28046,35946,Eptesicus serotinus,0.138,0.228,-1,Echolocation,/mnt/ubna_data_01_mir/recover-20220722/UBNA_012/20220720_060000.WAV,Foliage,recover-20220722,012,1795
1223.0915,1223.1043,30625,35954,Eptesicus serotinus,0.161,0.316,-1,Echolocation,/mnt/ubna_data_01_mir/recover-20220722/UBNA_012/20220720_060000.WAV,Foliage,recover-20220722,012,1795
1224.9965,1225.0048,28046,35421,Eptesicus serotinus,0.233,0.327,-1,Echolocation,/mnt/ubna_data_01_mir/recover-20220722/UBNA_012/20220720_060000.WAV,Foliage,recover-20220722,012,1795
1226.9615,1226.9716,28046,35407,Eptesicus serotinus,0.162,0.224,-1,Echolocation,/mnt/ubna_data_01_mir/recover-20220722/UBNA_012/20220720_060000.WAV,Foliage,recover-20220722,012,1795
1229.9765,1229.9873,28906,35208,Eptesicus serotinus,0.146,0.21,-1,Echolocation,/mnt/ubna_data_01_mir/recover-20220722/UBNA_012/20220720_060000.WAV,Foliage,recover-20220722,012,1795
1230.2395,1230.2485,28046,33936,Eptesicus serotinus,0.141,0.267,-1,Echolocation,/mnt/ubna_data_01_mir/recover-20220722/UBNA_012/20220720_060000.WAV,Foliage,recover-20220722,012,1795
1235.8755,1235.8847,28046,34914,Eptesicus serotinus,0.188,0.318,-1,Echolocation,/mnt/ubna_data_01_mir/recover-20220722/UBNA_012/20220720_060000.WAV,Foliage,recover-20220722,012,1795
1239.7415,1239.752,28906,34763,Eptesicus serotinus,0.123,0.202,-1,Echolocation,/mnt/ubna_data_01_mir/recover-20220722/UBNA_012/20220720_060000.WAV,Foliage,recover-20220722,012,1795
1241.6205,1241.6365,22890,26445,Nyctalus leisleri,0.169,0.223,-1,Echolocation,/mnt/ubna_data_01_mir/recover-20220722/UBNA_012/20220720_060000.WAV,Foliage,recover-20220722,012,1795
1242.2345,1242.2392,24609,38453,Plecotus austriacus,0.108,0.214,-1,Echolocation,/mnt/ubna_data_01_mir/recover-20220722/UBNA_012/20220720_060000.WAV,Foliage,recover-20220722,012,1795
1244.7215,1244.7319,28046,34335,Eptesicus serotinus,0.156,0.252,-1,Echolocation,/mnt/ubna_data_01_mir/recover-20220722/UBNA_012/20220720_060000.WAV,Foliage,recover-20220722,012,1795
1255.4715,1255.4821,28906,33950,Eptesicus serotinus,0.166,0.32,-1,Echolocation,/mnt/ubna_data_01_mir/recover-20220722/UBNA_012/20220720_060000.WAV,Foliage,recover-20220722,012,1795
1256.9125,1256.9219,28906,35125,Eptesicus serotinus,0.209,0.354,-1,Echolocation,/mnt/ubna_data_01_mir/recover-20220722/UBNA_012/20220720_060000.WAV,Foliage,recover-20220722,012,1795
1257.3055,1257.3173,28906,34935,Eptesicus serotinus,0.187,0.304,-1,Echolocation,/mnt/ubna_data_01_mir/recover-20220722/UBNA_012/20220720_060000.WAV,Foliage,recover-20220722,012,1795
1262.6135,1262.6237,28906,35868,Eptesicus serotinus,0.168,0.267,-1,Echolocation,/mnt/ubna_data_01_mir/recover-20220722/UBNA_012/20220720_060000.WAV,Foliage,recover-20220722,012,1795
1263.2695,1263.2761,28046,35534,Eptesicus serotinus,0.282,0.442,-1,Echolocation,/mnt/ubna_data_01_mir/recover-20220722/UBNA_012/20220720_060000.WAV,Foliage,recover-20220722,012,1795
1263.4665,1263.4733,26328,35179,Eptesicus serotinus,0.152,0.326,-1,Echolocation,/mnt/ubna_data_01_mir/recover-20220722/UBNA_012/20220720_060000.WAV,Foliage,recover-20220722,012,1795
1266.0215,1266.0315,28046,35046,Eptesicus serotinus,0.172,0.24,-1,Echolocation,/mnt/ubna_data_01_mir/recover-20220722/UBNA_012/20220720_060000.WAV,Foliage,recover-20220722,012,1795
1268.7735,1268.7841,28046,34359,Eptesicus serotinus,0.139,0.214,-1,Echolocation,/mnt/ubna_data_01_mir/recover-20220722/UBNA_012/20220720_060000.WAV,Foliage,recover-20220722,012,1795
1277.1615,1277.1723,28046,35341,Eptesicus serotinus,0.182,0.257,-1,Echolocation,/mnt/ubna_data_01_mir/recover-20220722/UBNA_012/20220720_060000.WAV,Foliage,recover-20220722,012,1795
1278.3415,1278.3518,28046,34473,Eptesicus serotinus,0.178,0.283,-1,Echolocation,/mnt/ubna_data_01_mir/recover-20220722/UBNA_012/20220720_060000.WAV,Foliage,recover-20220722,012,1795
1280.8975,1280.9083,28906,35774,Eptesicus serotinus,0.136,0.202,-1,Echolocation,/mnt/ubna_data_01_mir/recover-20220722/UBNA_012/20220720_060000.WAV,Foliage,recover-20220722,012,1795
1290.7945,1290.8031,28046,35287,Eptesicus serotinus,0.141,0.219,-1,Echolocation,/mnt/ubna_data_01_mir/recover-20220722/UBNA_012/20220720_060000.WAV,Foliage,recover-20220722,012,1795
1293.4815,1293.4913,28906,35098,Eptesicus serotinus,0.171,0.281,-1,Echolocation,/mnt/ubna_data_01_mir/recover-20220722/UBNA_012/20220720_060000.WAV,Foliage,recover-20220722,012,1795
1298.3965,1298.4063,28046,35918,Eptesicus serotinus,0.157,0.217,-1,Echolocation,/mnt/ubna_data_01_mir/recover-20220722/UBNA_012/20220720_060000.WAV,Foliage,recover-20220722,012,1795
1304.7785,1304.801,18593,21841,Nyctalus noctula,0.201,0.282,-1,Echolocation,/mnt/ubna_data_01_mir/recover-20220722/UBNA_012/20220720_060000.WAV,Foliage,recover-20220722,012,1795
1309.4715,1309.4797,28046,34896,Eptesicus serotinus,0.117,0.207,-1,Echolocation,/mnt/ubna_data_01_mir/recover-20220722/UBNA_012/20220720_060000.WAV,Foliage,recover-20220722,012,1795
1310.9525,1310.9633,27187,35358,Eptesicus serotinus,0.268,0.347,-1,Echolocation,/mnt/ubna_data_01_mir/recover-20220722/UBNA_012/20220720_060000.WAV,Foliage,recover-20220722,012,1795
1311.3815,1311.3946,23750,28335,Nyctalus leisleri,0.292,0.387,-1,Echolocation,/mnt/ubna_data_01_mir/recover-20220722/UBNA_012/20220720_060000.WAV,Foliage,recover-20220722,012,1795
1311.3815,1311.3938,40937,43965,Pipistrellus nathusii,0.128,0.203,-1,Echolocation,/mnt/ubna_data_01_mir/recover-20220722/UBNA_012/20220720_060000.WAV,Foliage,recover-20220722,012,1795
1311.9635,1311.9729,28046,34018,Eptesicus serotinus,0.133,0.224,-1,Echolocation,/mnt/ubna_data_01_mir/recover-20220722/UBNA_012/20220720_060000.WAV,Foliage,recover-20220722,012,1795
1314.7135,1314.7267,29765,33509,Eptesicus serotinus,0.1,0.211,-1,Echolocation,/mnt/ubna_data_01_mir/recover-20220722/UBNA_012/20220720_060000.WAV,Foliage,recover-20220722,012,1795
1315.9595,1315.9712,29765,35503,Eptesicus serotinus,0.15,0.282,-1,Echolocation,/mnt/ubna_data_01_mir/recover-20220722/UBNA_012/20220720_060000.WAV,Foliage,recover-20220722,012,1795
1318.5165,1318.524,28046,35927,Eptesicus serotinus,0.142,0.283,-1,Echolocation,/mnt/ubna_data_01_mir/recover-20220722/UBNA_012/20220720_060000.WAV,Foliage,recover-20220722,012,1795
1324.1505,1324.1615,28906,34505,Eptesicus serotinus,0.165,0.256,-1,Echolocation,/mnt/ubna_data_01_mir/recover-20220722/UBNA_012/20220720_060000.WAV,Foliage,recover-20220722,012,1795
1324.2825,1324.2939,28906,33535,Eptesicus serotinus,0.151,0.263,-1,Echolocation,/mnt/ubna_data_01_mir/recover-20220722/UBNA_012/20220720_060000.WAV,Foliage,recover-20220722,012,1795
1326.4465,1326.4561,27187,34302,Eptesicus serotinus,0.144,0.221,-1,Echolocation,/mnt/ubna_data_01_mir/recover-20220722/UBNA_012/20220720_060000.WAV,Foliage,recover-20220722,012,1795
1329.7205,1329.7309,28906,35990,Eptesicus serotinus,0.174,0.255,-1,Echolocation,/mnt/ubna_data_01_mir/recover-20220722/UBNA_012/20220720_060000.WAV,Foliage,recover-20220722,012,1795
1330.2465,1330.2552,28046,34447,Eptesicus serotinus,0.213,0.337,-1,Echolocation,/mnt/ubna_data_01_mir/recover-20220722/UBNA_012/20220720_060000.WAV,Foliage,recover-20220722,012,1795
1332.6065,1332.6168,28906,34409,Eptesicus serotinus,0.119,0.201,-1,Echolocation,/mnt/ubna_data_01_mir/recover-20220722/UBNA_012/20220720_060000.WAV,Foliage,recover-20220722,012,1795
1345.5835,1345.5899,28046,35738,Eptesicus serotinus,0.08,0.205,-1,Echolocation,/mnt/ubna_data_01_mir/recover-20220722/UBNA_012/20220720_060000.WAV,Foliage,recover-20220722,012,1795
1346.5655,1346.5733,28046,35628,Eptesicus serotinus,0.176,0.277,-1,Echolocation,/mnt/ubna_data_01_mir/recover-20220722/UBNA_012/20220720_060000.WAV,Foliage,recover-20220722,012,1795
1349.9735,1349.9823,28046,35402,Eptesicus serotinus,0.139,0.211,-1,Echolocation,/mnt/ubna_data_01_mir/recover-20220722/UBNA_012/20220720_060000.WAV,Foliage,recover-20220722,012,1795
1351.4145,1351.4233,27187,36218,Eptesicus serotinus,0.191,0.265,-1,Echolocation,/mnt/ubna_data_01_mir/recover-20220722/UBNA_012/20220720_060000.WAV,Foliage,recover-20220722,012,1795
1351.6785,1351.6858,25468,34313,Eptesicus serotinus,0.194,0.391,-1,Echolocation,/mnt/ubna_data_01_mir/recover-20220722/UBNA_012/20220720_060000.WAV,Foliage,recover-20220722,012,1795
1354.1825,1354.1976,39218,41995,Pipistrellus nathusii,0.201,0.214,-1,Echolocation,/mnt/ubna_data_01_mir/recover-20220722/UBNA_012/20220720_060000.WAV,Foliage,recover-20220722,012,1795
1358.7535,1358.7643,28046,34041,Eptesicus serotinus,0.183,0.285,-1,Echolocation,/mnt/ubna_data_01_mir/recover-20220722/UBNA_012/20220720_060000.WAV,Foliage,recover-20220722,012,1795
1364.1315,1364.137,26328,38132,Plecotus auritus,0.105,0.212,-1,Echolocation,/mnt/ubna_data_01_mir/recover-20220722/UBNA_012/20220720_060000.WAV,Foliage,recover-20220722,012,1795
1364.9805,1364.9912,28046,34508,Eptesicus serotinus,0.134,0.214,-1,Echolocation,/mnt/ubna_data_01_mir/recover-20220722/UBNA_012/20220720_060000.WAV,Foliage,recover-20220722,012,1795
1365.1125,1365.1234,28906,33395,Eptesicus serotinus,0.118,0.209,-1,Echolocation,/mnt/ubna_data_01_mir/recover-20220722/UBNA_012/20220720_060000.WAV,Foliage,recover-20220722,012,1795
1368.0625,1368.0685,28046,37396,Eptesicus serotinus,0.092,0.229,-1,Echolocation,/mnt/ubna_data_01_mir/recover-20220722/UBNA_012/20220720_060000.WAV,Foliage,recover-20220722,012,1795
1378.4815,1378.4945,28906,33682,Eptesicus serotinus,0.121,0.204,-1,Echolocation,/mnt/ubna_data_01_mir/recover-20220722/UBNA_012/20220720_060000.WAV,Foliage,recover-20220722,012,1795
1379.1375,1379.1461,28046,35690,Eptesicus serotinus,0.199,0.282,-1,Echolocation,/mnt/ubna_data_01_mir/recover-20220722/UBNA_012/20220720_060000.WAV,Foliage,recover-20220722,012,1795
1385.3625,1385.3713,28046,35868,Eptesicus serotinus,0.137,0.212,-1,Echolocation,/mnt/ubna_data_01_mir/recover-20220722/UBNA_012/20220720_060000.WAV,Foliage,recover-20220722,012,1795
1387.7465,1387.7607,23750,27830,Nyctalus leisleri,0.136,0.293,-1,Echolocation,/mnt/ubna_data_01_mir/recover-20220722/UBNA_012/20220720_060000.WAV,Foliage,recover-20220722,012,1795
1389.1645,1389.1744,29765,34705,Eptesicus serotinus,0.161,0.298,-1,Echolocation,/mnt/ubna_data_01_mir/recover-20220722/UBNA_012/20220720_060000.WAV,Foliage,recover-20220722,012,1795
1405.4825,1405.4915,28046,35135,Eptesicus serotinus,0.154,0.227,-1,Echolocation,/mnt/ubna_data_01_mir/recover-20220722/UBNA_012/20220720_060000.WAV,Foliage,recover-20220722,012,1795
1410.8565,1410.8661,27187,34314,Eptesicus serotinus,0.213,0.326,-1,Echolocation,/mnt/ubna_data_01_mir/recover-20220722/UBNA_012/20220720_060000.WAV,Foliage,recover-20220722,012,1795
1411.8395,1411.8478,28046,36084,Eptesicus serotinus,0.259,0.382,-1,Echolocation,/mnt/ubna_data_01_mir/recover-20220722/UBNA_012/20220720_060000.WAV,Foliage,recover-20220722,012,1795
1422.0605,1422.0713,28906,36106,Eptesicus serotinus,0.148,0.205,-1,Echolocation,/mnt/ubna_data_01_mir/recover-20220722/UBNA_012/20220720_060000.WAV,Foliage,recover-20220722,012,1795
1426.3875,1426.3975,28906,34859,Eptesicus serotinus,0.195,0.29,-1,Echolocation,/mnt/ubna_data_01_mir/recover-20220722/UBNA_012/20220720_060000.WAV,Foliage,recover-20220722,012,1795
1429.3185,1429.3313,43515,47284,Pipistrellus pipistrellus,0.205,0.268,-1,Echolocation,/mnt/ubna_data_01_mir/recover-20220722/UBNA_012/20220720_060000.WAV,Foliage,recover-20220722,012,1795
1449.7185,1449.7279,28906,34752,Eptesicus serotinus,0.12,0.204,-1,Echolocation,/mnt/ubna_data_01_mir/recover-20220722/UBNA_012/20220720_060000.WAV,Foliage,recover-20220722,012,1795
1449.9145,1449.9253,28046,34259,Eptesicus serotinus,0.122,0.201,-1,Echolocation,/mnt/ubna_data_01_mir/recover-20220722/UBNA_012/20220720_060000.WAV,Foliage,recover-20220722,012,1795
1453.1265,1453.1358,28046,36029,Eptesicus serotinus,0.143,0.205,-1,Echolocation,/mnt/ubna_data_01_mir/recover-20220722/UBNA_012/20220720_060000.WAV,Foliage,recover-20220722,012,1795
1454.8955,1454.9045,28906,35337,Eptesicus serotinus,0.156,0.256,-1,Echolocation,/mnt/ubna_data_01_mir/recover-20220722/UBNA_012/20220720_060000.WAV,Foliage,recover-20220722,012,1795
1468.5935,1468.6035,28046,34545,Eptesicus serotinus,0.175,0.26,-1,Echolocation,/mnt/ubna_data_01_mir/recover-20220722/UBNA_012/20220720_060000.WAV,Foliage,recover-20220722,012,1795
1468.9855,1468.9954,28046,35574,Eptesicus serotinus,0.146,0.205,-1,Echolocation,/mnt/ubna_data_01_mir/recover-20220722/UBNA_012/20220720_060000.WAV,Foliage,recover-20220722,012,1795
1473.3115,1473.3222,28906,34249,Eptesicus serotinus,0.161,0.251,-1,Echolocation,/mnt/ubna_data_01_mir/recover-20220722/UBNA_012/20220720_060000.WAV,Foliage,recover-20220722,012,1795
1477.1135,1477.1225,28906,36450,Eptesicus serotinus,0.151,0.237,-1,Echolocation,/mnt/ubna_data_01_mir/recover-20220722/UBNA_012/20220720_060000.WAV,Foliage,recover-20220722,012,1795
1483.1435,1483.1509,28046,36233,Eptesicus serotinus,0.175,0.29,-1,Echolocation,/mnt/ubna_data_01_mir/recover-20220722/UBNA_012/20220720_060000.WAV,Foliage,recover-20220722,012,1795
1483.6675,1483.6749,28046,36992,Eptesicus serotinus,0.137,0.221,-1,Echolocation,/mnt/ubna_data_01_mir/recover-20220722/UBNA_012/20220720_060000.WAV,Foliage,recover-20220722,012,1795
1484.0605,1484.068,28046,36043,Eptesicus serotinus,0.151,0.249,-1,Echolocation,/mnt/ubna_data_01_mir/recover-20220722/UBNA_012/20220720_060000.WAV,Foliage,recover-20220722,012,1795
1485.5675,1485.5756,28046,36222,Eptesicus serotinus,0.165,0.266,-1,Echolocation,/mnt/ubna_data_01_mir/recover-20220722/UBNA_012/20220720_060000.WAV,Foliage,recover-20220722,012,1795
1486.8115,1486.8226,28046,34248,Eptesicus serotinus,0.138,0.212,-1,Echolocation,/mnt/ubna_data_01_mir/recover-20220722/UBNA_012/20220720_060000.WAV,Foliage,recover-20220722,012,1795
1487.3365,1487.346,28046,33879,Eptesicus serotinus,0.141,0.24,-1,Echolocation,/mnt/ubna_data_01_mir/recover-20220722/UBNA_012/20220720_060000.WAV,Foliage,recover-20220722,012,1795
1487.5405,1487.553,23750,29639,Nyctalus leisleri,0.297,0.44,-1,Echolocation,/mnt/ubna_data_01_mir/recover-20220722/UBNA_012/20220720_060000.WAV,Foliage,recover-20220722,012,1795
1491.2035,1491.2127,28906,35526,Eptesicus serotinus,0.116,0.206,-1,Echolocation,/mnt/ubna_data_01_mir/recover-20220722/UBNA_012/20220720_060000.WAV,Foliage,recover-20220722,012,1795
1494.4805,1494.4903,28906,35456,Eptesicus serotinus,0.146,0.223,-1,Echolocation,/mnt/ubna_data_01_mir/recover-20220722/UBNA_012/20220720_060000.WAV,Foliage,recover-20220722,012,1795
1494.7405,1494.7527,28046,33972,Eptesicus serotinus,0.137,0.205,-1,Echolocation,/mnt/ubna_data_01_mir/recover-20220722/UBNA_012/20220720_060000.WAV,Foliage,recover-20220722,012,1795
1495.2005,1495.2116,28046,33794,Eptesicus serotinus,0.129,0.206,-1,Echolocation,/mnt/ubna_data_01_mir/recover-20220722/UBNA_012/20220720_060000.WAV,Foliage,recover-20220722,012,1795
1495.7985,1495.8087,28046,34116,Eptesicus serotinus,0.143,0.238,-1,Echolocation,/mnt/ubna_data_01_mir/recover-20220722/UBNA_012/20220720_060000.WAV,Foliage,recover-20220722,012,1795
1497.7565,1497.7691,28906,34219,Eptesicus serotinus,0.129,0.212,-1,Echolocation,/mnt/ubna_data_01_mir/recover-20220722/UBNA_012/20220720_060000.WAV,Foliage,recover-20220722,012,1795
1508.0465,1508.057,28906,34633,Eptesicus serotinus,0.124,0.207,-1,Echolocation,/mnt/ubna_data_01_mir/recover-20220722/UBNA_012/20220720_060000.WAV,Foliage,recover-20220722,012,1795
1508.5045,1508.5127,27187,35250,Eptesicus serotinus,0.134,0.216,-1,Echolocation,/mnt/ubna_data_01_mir/recover-20220722/UBNA_012/20220720_060000.WAV,Foliage,recover-20220722,012,1795
1509.2925,1509.3016,28046,34275,Eptesicus serotinus,0.2,0.341,-1,Echolocation,/mnt/ubna_data_01_mir/recover-20220722/UBNA_012/20220720_060000.WAV,Foliage,recover-20220722,012,1795
1509.6195,1509.6297,28906,34939,Eptesicus serotinus,0.162,0.299,-1,Echolocation,/mnt/ubna_data_01_mir/recover-20220722/UBNA_012/20220720_060000.WAV,Foliage,recover-20220722,012,1795
1510.6675,1510.6775,28046,34723,Eptesicus serotinus,0.139,0.225,-1,Echolocation,/mnt/ubna_data_01_mir/recover-20220722/UBNA_012/20220720_060000.WAV,Foliage,recover-20220722,012,1795
1511.7245,1511.7371,25468,31380,Nyctalus leisleri,0.104,0.232,-1,Echolocation,/mnt/ubna_data_01_mir/recover-20220722/UBNA_012/20220720_060000.WAV,Foliage,recover-20220722,012,1795
1514.7965,1514.8068,28046,34237,Eptesicus serotinus,0.141,0.215,-1,Echolocation,/mnt/ubna_data_01_mir/recover-20220722/UBNA_012/20220720_060000.WAV,Foliage,recover-20220722,012,1795
1516.3695,1516.3806,28906,34936,Eptesicus serotinus,0.151,0.228,-1,Echolocation,/mnt/ubna_data_01_mir/recover-20220722/UBNA_012/20220720_060000.WAV,Foliage,recover-20220722,012,1795
1518.9255,1518.9333,28046,35435,Eptesicus serotinus,0.151,0.245,-1,Echolocation,/mnt/ubna_data_01_mir/recover-20220722/UBNA_012/20220720_060000.WAV,Foliage,recover-20220722,012,1795
1524.2335,1524.2434,28046,35250,Eptesicus serotinus,0.141,0.216,-1,Echolocation,/mnt/ubna_data_01_mir/recover-20220722/UBNA_012/20220720_060000.WAV,Foliage,recover-20220722,012,1795
1525.5445,1525.5528,27187,34839,Eptesicus serotinus,0.154,0.261,-1,Echolocation,/mnt/ubna_data_01_mir/recover-20220722/UBNA_012/20220720_060000.WAV,Foliage,recover-20220722,012,1795
1526.3965,1526.406,28046,34597,Eptesicus serotinus,0.207,0.297,-1,Echolocation,/mnt/ubna_data_01_mir/recover-20220722/UBNA_012/20220720_060000.WAV,Foliage,recover-20220722,012,1795
1526.8555,1526.8672,28906,34217,Eptesicus serotinus,0.128,0.239,-1,Echolocation,/mnt/ubna_data_01_mir/recover-20220722/UBNA_012/20220720_060000.WAV,Foliage,recover-20220722,012,1795
1534.1935,1534.2055,28046,33655,Eptesicus serotinus,0.169,0.246,-1,Echolocation,/mnt/ubna_data_01_mir/recover-20220722/UBNA_012/20220720_060000.WAV,Foliage,recover-20220722,012,1795
1534.4565,1534.4663,28046,34635,Eptesicus serotinus,0.179,0.266,-1,Echolocation,/mnt/ubna_data_01_mir/recover-20220722/UBNA_012/20220720_060000.WAV,Foliage,recover-20220722,012,1795
1535.0475,1535.0557,28046,35081,Eptesicus serotinus,0.139,0.271,-1,Echolocation,/mnt/ubna_data_01_mir/recover-20220722/UBNA_012/20220720_060000.WAV,Foliage,recover-20220722,012,1795
1535.3085,1535.3182,28906,35140,Eptesicus serotinus,0.159,0.253,-1,Echolocation,/mnt/ubna_data_01_mir/recover-20220722/UBNA_012/20220720_060000.WAV,Foliage,recover-20220722,012,1795
1536.0955,1536.1052,28906,34601,Eptesicus serotinus,0.167,0.293,-1,Echolocation,/mnt/ubna_data_01_mir/recover-20220722/UBNA_012/20220720_060000.WAV,Foliage,recover-20220722,012,1795
1539.8295,1539.8404,27187,34413,Eptesicus serotinus,0.175,0.235,-1,Echolocation,/mnt/ubna_data_01_mir/recover-20220722/UBNA_012/20220720_060000.WAV,Foliage,recover-20220722,012,1795
1551.4965,1551.5073,28046,34367,Eptesicus serotinus,0.143,0.215,-1,Echolocation,/mnt/ubna_data_01_mir/recover-20220722/UBNA_012/20220720_060000.WAV,Foliage,recover-20220722,012,1795
1555.2965,1555.3076,28906,34814,Eptesicus serotinus,0.142,0.215,-1,Echolocation,/mnt/ubna_data_01_mir/recover-20220722/UBNA_012/20220720_060000.WAV,Foliage,recover-20220722,012,1795
1557.1985,1557.2074,28046,34451,Eptesicus serotinus,0.141,0.227,-1,Echolocation,/mnt/ubna_data_01_mir/recover-20220722/UBNA_012/20220720_060000.WAV,Foliage,recover-20220722,012,1795
1557.7225,1557.733,27187,34253,Eptesicus serotinus,0.148,0.209,-1,Echolocation,/mnt/ubna_data_01_mir/recover-20220722/UBNA_012/20220720_060000.WAV,Foliage,recover-20220722,012,1795
1563.2275,1563.2373,28906,35446,Eptesicus serotinus,0.193,0.287,-1,Echolocation,/mnt/ubna_data_01_mir/recover-20220722/UBNA_012/20220720_060000.WAV,Foliage,recover-20220722,012,1795
1567.5525,1567.5632,28046,35507,Eptesicus serotinus,0.162,0.221,-1,Echolocation,/mnt/ubna_data_01_mir/recover-20220722/UBNA_012/20220720_060000.WAV,Foliage,recover-20220722,012,1795
1572.7955,1572.8054,28906,35175,Eptesicus serotinus,0.157,0.242,-1,Echolocation,/mnt/ubna_data_01_mir/recover-20220722/UBNA_012/20220720_060000.WAV,Foliage,recover-20220722,012,1795
1583.2115,1583.2236,27187,31879,Eptesicus serotinus,0.116,0.251,-1,Echolocation,/mnt/ubna_data_01_mir/recover-20220722/UBNA_012/20220720_060000.WAV,Foliage,recover-20220722,012,1795
1585.4445,1585.4537,28906,35800,Eptesicus serotinus,0.159,0.244,-1,Echolocation,/mnt/ubna_data_01_mir/recover-20220722/UBNA_012/20220720_060000.WAV,Foliage,recover-20220722,012,1795
1587.0165,1587.0279,28906,33993,Eptesicus serotinus,0.145,0.238,-1,Echolocation,/mnt/ubna_data_01_mir/recover-20220722/UBNA_012/20220720_060000.WAV,Foliage,recover-20220722,012,1795
1598.5505,1598.5622,28906,34105,Eptesicus serotinus,0.128,0.202,-1,Echolocation,/mnt/ubna_data_01_mir/recover-20220722/UBNA_012/20220720_060000.WAV,Foliage,recover-20220722,012,1795
1600.8165,1600.831,23750,27789,Nyctalus leisleri,0.15,0.215,-1,Echolocation,/mnt/ubna_data_01_mir/recover-20220722/UBNA_012/20220720_060000.WAV,Foliage,recover-20220722,012,1795
1609.7565,1609.7685,28906,34218,Eptesicus serotinus,0.143,0.237,-1,Echolocation,/mnt/ubna_data_01_mir/recover-20220722/UBNA_012/20220720_060000.WAV,Foliage,recover-20220722,012,1795
1611.3305,1611.3419,28906,33735,Eptesicus serotinus,0.132,0.233,-1,Echolocation,/mnt/ubna_data_01_mir/recover-20220722/UBNA_012/20220720_060000.WAV,Foliage,recover-20220722,012,1795
1621.2255,1621.2355,28046,35562,Eptesicus serotinus,0.173,0.248,-1,Echolocation,/mnt/ubna_data_01_mir/recover-20220722/UBNA_012/20220720_060000.WAV,Foliage,recover-20220722,012,1795
1626.4045,1626.4121,28046,36078,Eptesicus serotinus,0.135,0.222,-1,Echolocation,/mnt/ubna_data_01_mir/recover-20220722/UBNA_012/20220720_060000.WAV,Foliage,recover-20220722,012,1795
1626.7985,1626.805,28046,37124,Eptesicus serotinus,0.138,0.316,-1,Echolocation,/mnt/ubna_data_01_mir/recover-20220722/UBNA_012/20220720_060000.WAV,Foliage,recover-20220722,012,1795
1631.9745,1631.9865,28046,32840,Eptesicus serotinus,0.128,0.254,-1,Echolocation,/mnt/ubna_data_01_mir/recover-20220722/UBNA_012/20220720_060000.WAV,Foliage,recover-20220722,012,1795
1635.1205,1635.1283,28046,36329,Eptesicus serotinus,0.149,0.24,-1,Echolocation,/mnt/ubna_data_01_mir/recover-20220722/UBNA_012/20220720_060000.WAV,Foliage,recover-20220722,012,1795
1636.5615,1636.5698,27187,35117,Eptesicus serotinus,0.191,0.305,-1,Echolocation,/mnt/ubna_data_01_mir/recover-20220722/UBNA_012/20220720_060000.WAV,Foliage,recover-20220722,012,1795
1639.5765,1639.5854,27187,34371,Eptesicus serotinus,0.162,0.248,-1,Echolocation,/mnt/ubna_data_01_mir/recover-20220722/UBNA_012/20220720_060000.WAV,Foliage,recover-20220722,012,1795
1641.6085,1641.6167,28906,36994,Eptesicus serotinus,0.154,0.22,-1,Echolocation,/mnt/ubna_data_01_mir/recover-20220722/UBNA_012/20220720_060000.WAV,Foliage,recover-20220722,012,1795
1652.6995,1652.7067,28906,37072,Eptesicus serotinus,0.149,0.238,-1,Echolocation,/mnt/ubna_data_01_mir/recover-20220722/UBNA_012/20220720_060000.WAV,Foliage,recover-20220722,012,1795
1655.3705,1655.3788,28906,36546,Eptesicus serotinus,0.126,0.205,-1,Echolocation,/mnt/ubna_data_01_mir/recover-20220722/UBNA_012/20220720_060000.WAV,Foliage,recover-20220722,012,1795
1657.8595,1657.8724,28906,34027,Eptesicus serotinus,0.127,0.214,-1,Echolocation,/mnt/ubna_data_01_mir/recover-20220722/UBNA_012/20220720_060000.WAV,Foliage,recover-20220722,012,1795
1660.4165,1660.4279,28906,34721,Eptesicus serotinus,0.132,0.214,-1,Echolocation,/mnt/ubna_data_01_mir/recover-20220722/UBNA_012/20220720_060000.WAV,Foliage,recover-20220722,012,1795
1671.4275,1671.4364,28906,36127,Eptesicus serotinus,0.144,0.22,-1,Echolocation,/mnt/ubna_data_01_mir/recover-20220722/UBNA_012/20220720_060000.WAV,Foliage,recover-20220722,012,1795
1682.8965,1682.9042,28046,36225,Eptesicus serotinus,0.197,0.304,-1,Echolocation,/mnt/ubna_data_01_mir/recover-20220722/UBNA_012/20220720_060000.WAV,Foliage,recover-20220722,012,1795
1684.9285,1684.9352,26328,37223,Eptesicus serotinus,0.128,0.284,-1,Echolocation,/mnt/ubna_data_01_mir/recover-20220722/UBNA_012/20220720_060000.WAV,Foliage,recover-20220722,012,1795
1685.0655,1685.08,23750,28524,Nyctalus leisleri,0.319,0.436,-1,Echolocation,/mnt/ubna_data_01_mir/recover-20220722/UBNA_012/20220720_060000.WAV,Foliage,recover-20220722,012,1795
1685.0665,1685.079,40078,44123,Pipistrellus nathusii,0.309,0.343,-1,Echolocation,/mnt/ubna_data_01_mir/recover-20220722/UBNA_012/20220720_060000.WAV,Foliage,recover-20220722,012,1795
1685.9105,1685.9187,28046,36649,Eptesicus serotinus,0.176,0.277,-1,Echolocation,/mnt/ubna_data_01_mir/recover-20220722/UBNA_012/20220720_060000.WAV,Foliage,recover-20220722,012,1795
1688.1395,1688.151,28906,33105,Nyctalus leisleri,0.149,0.309,-1,Echolocation,/mnt/ubna_data_01_mir/recover-20220722/UBNA_012/20220720_060000.WAV,Foliage,recover-20220722,012,1795
1688.2705,1688.279,28046,35803,Eptesicus serotinus,0.259,0.395,-1,Echolocation,/mnt/ubna_data_01_mir/recover-20220722/UBNA_012/20220720_060000.WAV,Foliage,recover-20220722,012,1795
1688.6635,1688.6726,27187,35358,Eptesicus serotinus,0.236,0.322,-1,Echolocation,/mnt/ubna_data_01_mir/recover-20220722/UBNA_012/20220720_060000.WAV,Foliage,recover-20220722,012,1795
1693.3815,1693.3924,28906,34944,Eptesicus serotinus,0.168,0.261,-1,Echolocation,/mnt/ubna_data_01_mir/recover-20220722/UBNA_012/20220720_060000.WAV,Foliage,recover-20220722,012,1795
1734.7365,1734.7446,28046,35785,Eptesicus serotinus,0.158,0.259,-1,Echolocation,/mnt/ubna_data_01_mir/recover-20220722/UBNA_012/20220720_060000.WAV,Foliage,recover-20220722,012,1795
1746.2035,1746.2137,28046,35226,Eptesicus serotinus,0.14,0.202,-1,Echolocation,/mnt/ubna_data_01_mir/recover-20220722/UBNA_012/20220720_060000.WAV,Foliage,recover-20220722,012,1795
1746.8605,1746.8668,28046,37403,Eptesicus serotinus,0.074,0.205,-1,Echolocation,/mnt/ubna_data_01_mir/recover-20220722/UBNA_012/20220720_060000.WAV,Foliage,recover-20220722,012,1795
1747.0555,1747.0631,27187,36629,Eptesicus serotinus,0.166,0.272,-1,Echolocation,/mnt/ubna_data_01_mir/recover-20220722/UBNA_012/20220720_060000.WAV,Foliage,recover-20220722,012,1795
1747.5285,1747.5411,36640,39203,Pipistrellus nathusii,0.158,0.221,-1,Echolocation,/mnt/ubna_data_01_mir/recover-20220722/UBNA_012/20220720_060000.WAV,Foliage,recover-20220722,012,1795
1756.7565,1756.765,28906,35006,Eptesicus serotinus,0.11,0.223,-1,Echolocation,/mnt/ubna_data_01_mir/recover-20220722/UBNA_012/20220720_060000.WAV,Foliage,recover-20220722,012,1795
1767.3725,1767.3809,28046,35183,Eptesicus serotinus,0.241,0.354,-1,Echolocation,/mnt/ubna_data_01_mir/recover-20220722/UBNA_012/20220720_060000.WAV,Foliage,recover-20220722,012,1795
1770.5835,1770.5925,28046,34773,Eptesicus serotinus,0.138,0.263,-1,Echolocation,/mnt/ubna_data_01_mir/recover-20220722/UBNA_012/20220720_060000.WAV,Foliage,recover-20220722,012,1795
1777.7915,1777.8014,28906,34593,Eptesicus serotinus,0.132,0.223,-1,Echolocation,/mnt/ubna_data_01_mir/recover-20220722/UBNA_012/20220720_060000.WAV,Foliage,recover-20220722,012,1795
1778.3825,1778.3901,28906,35468,Eptesicus serotinus,0.194,0.313,-1,Echolocation,/mnt/ubna_data_01_mir/recover-20220722/UBNA_012/20220720_060000.WAV,Foliage,recover-20220722,012,1795
1779.4965,1779.5043,28046,35813,Eptesicus serotinus,0.116,0.207,-1,Echolocation,/mnt/ubna_data_01_mir/recover-20220722/UBNA_012/20220720_060000.WAV,Foliage,recover-20220722,012,1795
1780.4135,1780.4253,28906,34688,Eptesicus serotinus,0.175,0.285,-1,Echolocation,/mnt/ubna_data_01_mir/recover-20220722/UBNA_012/20220720_060000.WAV,Foliage,recover-20220722,012,1795
1783.8865,1783.8975,28906,34332,Eptesicus serotinus,0.131,0.205,-1,Echolocation,/mnt/ubna_data_01_mir/recover-20220722/UBNA_012/20220720_060000.WAV,Foliage,recover-20220722,012,1795
1787.5725,1787.5803,28906,36055,Eptesicus serotinus,0.162,0.255,-1,Echolocation,/mnt/ubna_data_01_mir/recover-20220722/UBNA_012/20220720_060000.WAV,Foliage,recover-20220722,012,1795
1792.2105,1792.2186,28046,35570,Eptesicus serotinus,0.177,0.269,-1,Echolocation,/mnt/ubna_data_01_mir/recover-20220722/UBNA_012/20220720_060000.WAV,Foliage,recover-20220722,012,1795
