start_time,end_time,low_freq,high_freq,event,class,class_prob,det_prob,individual,input_file,Site name,Recover Folder,SD Card,File Duration
36.0245,36.0421,25468.0,29550.0,Echolocation,Nyctalus leisleri,0.123,0.208,-1,/mnt/ubna_data_01_mir/recover-20220822/UBNA_013/20220822_040000.WAV,Foliage,recover-20220822,013,1795
59.1045,59.1189,26328.0,30933.0,Echolocation,Nyctalus leisleri,0.324,0.464,-1,/mnt/ubna_data_01_mir/recover-20220822/UBNA_013/20220822_040000.WAV,Foliage,recover-20220822,013,1795
59.2735,59.2911,26328.0,30436.0,Echolocation,Nyctalus leisleri,0.145,0.255,-1,/mnt/ubna_data_01_mir/recover-20220822/UBNA_013/20220822_040000.WAV,Foliage,recover-20220822,013,1795
60.9725,60.9894,26328.0,30590.0,Echolocation,Nyctalus leisleri,0.286,0.414,-1,/mnt/ubna_data_01_mir/recover-20220822/UBNA_013/20220822_040000.WAV,Foliage,recover-20220822,013,1795
70.6765,70.6923,25468.0,30152.0,Echolocation,Nyctalus leisleri,0.164,0.312,-1,/mnt/ubna_data_01_mir/recover-20220822/UBNA_013/20220822_040000.WAV,Foliage,recover-20220822,013,1795
71.4505,71.4665,26328.0,31151.0,Echolocation,Nyctalus leisleri,0.162,0.266,-1,/mnt/ubna_data_01_mir/recover-20220822/UBNA_013/20220822_040000.WAV,Foliage,recover-20220822,013,1795
71.8435,71.8618,25468.0,29633.0,Echolocation,Nyctalus leisleri,0.183,0.285,-1,/mnt/ubna_data_01_mir/recover-20220822/UBNA_013/20220822_040000.WAV,Foliage,recover-20220822,013,1795
72.0625,72.0825,27187.0,31305.0,Echolocation,Nyctalus leisleri,0.214,0.323,-1,/mnt/ubna_data_01_mir/recover-20220822/UBNA_013/20220822_040000.WAV,Foliage,recover-20220822,013,1795
72.2295,72.2495,25468.0,30442.0,Echolocation,Nyctalus leisleri,0.186,0.305,-1,/mnt/ubna_data_01_mir/recover-20220822/UBNA_013/20220822_040000.WAV,Foliage,recover-20220822,013,1795
73.0155,73.0276,25468.0,29998.0,Echolocation,Nyctalus leisleri,0.267,0.419,-1,/mnt/ubna_data_01_mir/recover-20220822/UBNA_013/20220822_040000.WAV,Foliage,recover-20220822,013,1795
74.2585,74.27,27187.0,32028.0,Echolocation,Nyctalus leisleri,0.156,0.315,-1,/mnt/ubna_data_01_mir/recover-20220822/UBNA_013/20220822_040000.WAV,Foliage,recover-20220822,013,1795
115.45949999999999,115.4671,42656.0,55295.0,Echolocation,Pipistrellus nathusii,0.16,0.344,-1,/mnt/ubna_data_01_mir/recover-20220822/UBNA_013/20220822_040000.WAV,Foliage,recover-20220822,013,1795
115.5795,115.58709999999999,42656.0,54931.0,Echolocation,Pipistrellus nathusii,0.133,0.328,-1,/mnt/ubna_data_01_mir/recover-20220822/UBNA_013/20220822_040000.WAV,Foliage,recover-20220822,013,1795
115.6635,115.6735,42656.0,53436.0,Echolocation,Pipistrellus nathusii,0.16,0.435,-1,/mnt/ubna_data_01_mir/recover-20220822/UBNA_013/20220822_040000.WAV,Foliage,recover-20220822,013,1795
115.84649999999999,115.8591,40937.0,58583.0,Echolocation,Pipistrellus pipistrellus,0.139,0.324,-1,/mnt/ubna_data_01_mir/recover-20220822/UBNA_013/20220822_040000.WAV,Foliage,recover-20220822,013,1795
115.9355,115.945,40937.0,46889.0,Echolocation,Pipistrellus nathusii,0.166,0.247,-1,/mnt/ubna_data_01_mir/recover-20220822/UBNA_013/20220822_040000.WAV,Foliage,recover-20220822,013,1795
116.0205,116.0286,40078.0,50689.0,Echolocation,Pipistrellus nathusii,0.38,0.404,-1,/mnt/ubna_data_01_mir/recover-20220822/UBNA_013/20220822_040000.WAV,Foliage,recover-20220822,013,1795
116.1725,116.1855,40078.0,47573.0,Echolocation,Pipistrellus nathusii,0.172,0.207,-1,/mnt/ubna_data_01_mir/recover-20220822/UBNA_013/20220822_040000.WAV,Foliage,recover-20220822,013,1795
116.4935,116.5036,39218.0,50188.0,Echolocation,Pipistrellus nathusii,0.585,0.605,-1,/mnt/ubna_data_01_mir/recover-20220822/UBNA_013/20220822_040000.WAV,Foliage,recover-20220822,013,1795
116.8575,116.8664,39218.0,47776.0,Echolocation,Pipistrellus nathusii,0.286,0.319,-1,/mnt/ubna_data_01_mir/recover-20220822/UBNA_013/20220822_040000.WAV,Foliage,recover-20220822,013,1795
120.5065,120.5257,25468.0,29468.0,Echolocation,Nyctalus leisleri,0.12,0.205,-1,/mnt/ubna_data_01_mir/recover-20220822/UBNA_013/20220822_040000.WAV,Foliage,recover-20220822,013,1795
152.3785,152.3975,25468.0,30092.0,Echolocation,Nyctalus leisleri,0.148,0.276,-1,/mnt/ubna_data_01_mir/recover-20220822/UBNA_013/20220822_040000.WAV,Foliage,recover-20220822,013,1795
177.15449999999998,177.16989999999998,26328.0,30637.0,Echolocation,Nyctalus leisleri,0.181,0.328,-1,/mnt/ubna_data_01_mir/recover-20220822/UBNA_013/20220822_040000.WAV,Foliage,recover-20220822,013,1795
179.7345,179.7499,26328.0,31883.0,Echolocation,Nyctalus leisleri,0.138,0.275,-1,/mnt/ubna_data_01_mir/recover-20220822/UBNA_013/20220822_040000.WAV,Foliage,recover-20220822,013,1795
180.4085,180.4247,25468.0,29907.0,Echolocation,Nyctalus leisleri,0.15,0.248,-1,/mnt/ubna_data_01_mir/recover-20220822/UBNA_013/20220822_040000.WAV,Foliage,recover-20220822,013,1795
182.6795,182.6913,25468.0,31069.0,Echolocation,Nyctalus leisleri,0.312,0.461,-1,/mnt/ubna_data_01_mir/recover-20220822/UBNA_013/20220822_040000.WAV,Foliage,recover-20220822,013,1795
202.2265,202.2403,26328.0,31802.0,Echolocation,Eptesicus serotinus,0.191,0.391,-1,/mnt/ubna_data_01_mir/recover-20220822/UBNA_013/20220822_040000.WAV,Foliage,recover-20220822,013,1795
205.3815,205.3941,25468.0,31412.0,Echolocation,Nyctalus leisleri,0.1,0.213,-1,/mnt/ubna_data_01_mir/recover-20220822/UBNA_013/20220822_040000.WAV,Foliage,recover-20220822,013,1795
219.8345,219.8518,22890.0,27168.0,Echolocation,Nyctalus leisleri,0.108,0.228,-1,/mnt/ubna_data_01_mir/recover-20220822/UBNA_013/20220822_040000.WAV,Foliage,recover-20220822,013,1795
223.42849999999999,223.4414,23750.0,28597.0,Echolocation,Nyctalus leisleri,0.129,0.291,-1,/mnt/ubna_data_01_mir/recover-20220822/UBNA_013/20220822_040000.WAV,Foliage,recover-20220822,013,1795
223.6695,223.683,23750.0,29314.0,Echolocation,Eptesicus serotinus,0.099,0.245,-1,/mnt/ubna_data_01_mir/recover-20220822/UBNA_013/20220822_040000.WAV,Foliage,recover-20220822,013,1795
229.2385,229.2524,23750.0,28529.0,Echolocation,Nyctalus leisleri,0.176,0.341,-1,/mnt/ubna_data_01_mir/recover-20220822/UBNA_013/20220822_040000.WAV,Foliage,recover-20220822,013,1795
229.3985,229.4141,24609.0,28186.0,Echolocation,Nyctalus leisleri,0.303,0.408,-1,/mnt/ubna_data_01_mir/recover-20220822/UBNA_013/20220822_040000.WAV,Foliage,recover-20220822,013,1795
230.3775,230.3958,23750.0,27607.0,Echolocation,Nyctalus leisleri,0.296,0.377,-1,/mnt/ubna_data_01_mir/recover-20220822/UBNA_013/20220822_040000.WAV,Foliage,recover-20220822,013,1795
230.5445,230.5616,23750.0,28284.0,Echolocation,Nyctalus leisleri,0.152,0.337,-1,/mnt/ubna_data_01_mir/recover-20220822/UBNA_013/20220822_040000.WAV,Foliage,recover-20220822,013,1795
244.3615,244.3762,25468.0,29114.0,Echolocation,Nyctalus leisleri,0.117,0.221,-1,/mnt/ubna_data_01_mir/recover-20220822/UBNA_013/20220822_040000.WAV,Foliage,recover-20220822,013,1795
244.6095,244.6249,26328.0,29815.0,Echolocation,Nyctalus leisleri,0.138,0.218,-1,/mnt/ubna_data_01_mir/recover-20220822/UBNA_013/20220822_040000.WAV,Foliage,recover-20220822,013,1795
244.8485,244.8603,26328.0,30895.0,Echolocation,Nyctalus leisleri,0.109,0.234,-1,/mnt/ubna_data_01_mir/recover-20220822/UBNA_013/20220822_040000.WAV,Foliage,recover-20220822,013,1795
245.2155,245.2284,26328.0,30089.0,Echolocation,Nyctalus leisleri,0.39,0.525,-1,/mnt/ubna_data_01_mir/recover-20220822/UBNA_013/20220822_040000.WAV,Foliage,recover-20220822,013,1795
245.4605,245.4774,25468.0,28804.0,Echolocation,Nyctalus leisleri,0.289,0.374,-1,/mnt/ubna_data_01_mir/recover-20220822/UBNA_013/20220822_040000.WAV,Foliage,recover-20220822,013,1795
245.5885,245.6009,26328.0,32272.0,Echolocation,Nyctalus leisleri,0.386,0.59,-1,/mnt/ubna_data_01_mir/recover-20220822/UBNA_013/20220822_040000.WAV,Foliage,recover-20220822,013,1795
264.2595,264.2783,26328.0,31670.0,Echolocation,Nyctalus leisleri,0.143,0.312,-1,/mnt/ubna_data_01_mir/recover-20220822/UBNA_013/20220822_040000.WAV,Foliage,recover-20220822,013,1795
264.6605,264.6778,27187.0,31925.0,Echolocation,Eptesicus serotinus,0.093,0.202,-1,/mnt/ubna_data_01_mir/recover-20220822/UBNA_013/20220822_040000.WAV,Foliage,recover-20220822,013,1795
269.2575,269.2734,25468.0,29875.0,Echolocation,Nyctalus leisleri,0.168,0.295,-1,/mnt/ubna_data_01_mir/recover-20220822/UBNA_013/20220822_040000.WAV,Foliage,recover-20220822,013,1795
322.1005,322.1144,23750.0,28817.0,Echolocation,Nyctalus leisleri,0.128,0.293,-1,/mnt/ubna_data_01_mir/recover-20220822/UBNA_013/20220822_040000.WAV,Foliage,recover-20220822,013,1795
322.3665,322.3795,22890.0,27463.0,Echolocation,Nyctalus leisleri,0.36,0.477,-1,/mnt/ubna_data_01_mir/recover-20220822/UBNA_013/20220822_040000.WAV,Foliage,recover-20220822,013,1795
322.6115,322.6247,23750.0,29705.0,Echolocation,Nyctalus leisleri,0.255,0.548,-1,/mnt/ubna_data_01_mir/recover-20220822/UBNA_013/20220822_040000.WAV,Foliage,recover-20220822,013,1795
322.7235,322.7378,24609.0,29540.0,Echolocation,Nyctalus leisleri,0.114,0.237,-1,/mnt/ubna_data_01_mir/recover-20220822/UBNA_013/20220822_040000.WAV,Foliage,recover-20220822,013,1795
325.6615,325.6762,23750.0,29049.0,Echolocation,Nyctalus leisleri,0.284,0.51,-1,/mnt/ubna_data_01_mir/recover-20220822/UBNA_013/20220822_040000.WAV,Foliage,recover-20220822,013,1795
325.9335,325.9461,24609.0,28665.0,Echolocation,Nyctalus leisleri,0.239,0.371,-1,/mnt/ubna_data_01_mir/recover-20220822/UBNA_013/20220822_040000.WAV,Foliage,recover-20220822,013,1795
326.1785,326.1954,22890.0,26122.0,Echolocation,Nyctalus leisleri,0.225,0.307,-1,/mnt/ubna_data_01_mir/recover-20220822/UBNA_013/20220822_040000.WAV,Foliage,recover-20220822,013,1795
327.77049999999997,327.7882,22890.0,28351.0,Echolocation,Nyctalus leisleri,0.234,0.438,-1,/mnt/ubna_data_01_mir/recover-20220822/UBNA_013/20220822_040000.WAV,Foliage,recover-20220822,013,1795
328.0265,328.0393,23750.0,29969.0,Echolocation,Nyctalus leisleri,0.215,0.5,-1,/mnt/ubna_data_01_mir/recover-20220822/UBNA_013/20220822_040000.WAV,Foliage,recover-20220822,013,1795
331.0255,331.0408,23750.0,29295.0,Echolocation,Nyctalus leisleri,0.198,0.413,-1,/mnt/ubna_data_01_mir/recover-20220822/UBNA_013/20220822_040000.WAV,Foliage,recover-20220822,013,1795
331.2675,331.2822,22890.0,28462.0,Echolocation,Nyctalus leisleri,0.317,0.544,-1,/mnt/ubna_data_01_mir/recover-20220822/UBNA_013/20220822_040000.WAV,Foliage,recover-20220822,013,1795
331.5225,331.5394,22890.0,28265.0,Echolocation,Nyctalus leisleri,0.271,0.463,-1,/mnt/ubna_data_01_mir/recover-20220822/UBNA_013/20220822_040000.WAV,Foliage,recover-20220822,013,1795
331.7195,331.738,22890.0,27836.0,Echolocation,Nyctalus leisleri,0.176,0.359,-1,/mnt/ubna_data_01_mir/recover-20220822/UBNA_013/20220822_040000.WAV,Foliage,recover-20220822,013,1795
332.0855,332.1057,22031.0,27434.0,Echolocation,Nyctalus noctula,0.211,0.38,-1,/mnt/ubna_data_01_mir/recover-20220822/UBNA_013/20220822_040000.WAV,Foliage,recover-20220822,013,1795
332.2215,332.2381,23750.0,28337.0,Echolocation,Nyctalus leisleri,0.159,0.308,-1,/mnt/ubna_data_01_mir/recover-20220822/UBNA_013/20220822_040000.WAV,Foliage,recover-20220822,013,1795
332.6595,332.6815,23750.0,28794.0,Echolocation,Nyctalus leisleri,0.12,0.283,-1,/mnt/ubna_data_01_mir/recover-20220822/UBNA_013/20220822_040000.WAV,Foliage,recover-20220822,013,1795
333.1305,333.14639999999997,23750.0,28066.0,Echolocation,Nyctalus leisleri,0.22,0.363,-1,/mnt/ubna_data_01_mir/recover-20220822/UBNA_013/20220822_040000.WAV,Foliage,recover-20220822,013,1795
333.5595,333.5781,22890.0,27684.0,Echolocation,Nyctalus noctula,0.084,0.219,-1,/mnt/ubna_data_01_mir/recover-20220822/UBNA_013/20220822_040000.WAV,Foliage,recover-20220822,013,1795
336.2935,336.3105,24609.0,28839.0,Echolocation,Nyctalus leisleri,0.139,0.283,-1,/mnt/ubna_data_01_mir/recover-20220822/UBNA_013/20220822_040000.WAV,Foliage,recover-20220822,013,1795
336.5735,336.5883,22890.0,27574.0,Echolocation,Nyctalus leisleri,0.497,0.638,-1,/mnt/ubna_data_01_mir/recover-20220822/UBNA_013/20220822_040000.WAV,Foliage,recover-20220822,013,1795
336.8305,336.8448,23750.0,28205.0,Echolocation,Nyctalus leisleri,0.168,0.319,-1,/mnt/ubna_data_01_mir/recover-20220822/UBNA_013/20220822_040000.WAV,Foliage,recover-20220822,013,1795
339.3965,339.4176,23750.0,28014.0,Echolocation,Nyctalus leisleri,0.112,0.229,-1,/mnt/ubna_data_01_mir/recover-20220822/UBNA_013/20220822_040000.WAV,Foliage,recover-20220822,013,1795
342.0335,342.0469,26328.0,31478.0,Echolocation,Nyctalus leisleri,0.162,0.335,-1,/mnt/ubna_data_01_mir/recover-20220822/UBNA_013/20220822_040000.WAV,Foliage,recover-20220822,013,1795
342.2445,342.2609,26328.0,31327.0,Echolocation,Nyctalus leisleri,0.251,0.457,-1,/mnt/ubna_data_01_mir/recover-20220822/UBNA_013/20220822_040000.WAV,Foliage,recover-20220822,013,1795
343.4015,343.4127,28046.0,33486.0,Echolocation,Eptesicus serotinus,0.129,0.209,-1,/mnt/ubna_data_01_mir/recover-20220822/UBNA_013/20220822_040000.WAV,Foliage,recover-20220822,013,1795
370.54449999999997,370.5606,23750.0,28484.0,Echolocation,Nyctalus leisleri,0.094,0.224,-1,/mnt/ubna_data_01_mir/recover-20220822/UBNA_013/20220822_040000.WAV,Foliage,recover-20220822,013,1795
370.8825,370.8999,23750.0,28068.0,Echolocation,Nyctalus leisleri,0.116,0.223,-1,/mnt/ubna_data_01_mir/recover-20220822/UBNA_013/20220822_040000.WAV,Foliage,recover-20220822,013,1795
402.9675,402.9789,27187.0,31592.0,Echolocation,Nyctalus leisleri,0.151,0.303,-1,/mnt/ubna_data_01_mir/recover-20220822/UBNA_013/20220822_040000.WAV,Foliage,recover-20220822,013,1795
403.3745,403.3893,27187.0,31051.0,Echolocation,Nyctalus leisleri,0.135,0.246,-1,/mnt/ubna_data_01_mir/recover-20220822/UBNA_013/20220822_040000.WAV,Foliage,recover-20220822,013,1795
420.7905,420.8034,40078.0,44098.0,Echolocation,Pipistrellus nathusii,0.228,0.263,-1,/mnt/ubna_data_01_mir/recover-20220822/UBNA_013/20220822_040000.WAV,Foliage,recover-20220822,013,1795
444.3225,444.3328,24609.0,32410.0,Echolocation,Eptesicus serotinus,0.074,0.213,-1,/mnt/ubna_data_01_mir/recover-20220822/UBNA_013/20220822_040000.WAV,Foliage,recover-20220822,013,1795
452.8245,452.8412,27187.0,31683.0,Echolocation,Nyctalus leisleri,0.121,0.219,-1,/mnt/ubna_data_01_mir/recover-20220822/UBNA_013/20220822_040000.WAV,Foliage,recover-20220822,013,1795
454.6575,454.6693,28046.0,33497.0,Echolocation,Eptesicus serotinus,0.124,0.203,-1,/mnt/ubna_data_01_mir/recover-20220822/UBNA_013/20220822_040000.WAV,Foliage,recover-20220822,013,1795
456.3035,456.3243,25468.0,30197.0,Echolocation,Nyctalus leisleri,0.195,0.328,-1,/mnt/ubna_data_01_mir/recover-20220822/UBNA_013/20220822_040000.WAV,Foliage,recover-20220822,013,1795
456.6025,456.6198,27187.0,31791.0,Echolocation,Eptesicus serotinus,0.106,0.217,-1,/mnt/ubna_data_01_mir/recover-20220822/UBNA_013/20220822_040000.WAV,Foliage,recover-20220822,013,1795
458.1505,458.1699,25468.0,30654.0,Echolocation,Nyctalus leisleri,0.129,0.261,-1,/mnt/ubna_data_01_mir/recover-20220822/UBNA_013/20220822_040000.WAV,Foliage,recover-20220822,013,1795
458.9515,458.9673,25468.0,30671.0,Echolocation,Nyctalus leisleri,0.155,0.305,-1,/mnt/ubna_data_01_mir/recover-20220822/UBNA_013/20220822_040000.WAV,Foliage,recover-20220822,013,1795
474.5825,474.6029,23750.0,28320.0,Echolocation,Nyctalus leisleri,0.1,0.202,-1,/mnt/ubna_data_01_mir/recover-20220822/UBNA_013/20220822_040000.WAV,Foliage,recover-20220822,013,1795
476.9075,476.9255,23750.0,28573.0,Echolocation,Nyctalus leisleri,0.278,0.402,-1,/mnt/ubna_data_01_mir/recover-20220822/UBNA_013/20220822_040000.WAV,Foliage,recover-20220822,013,1795
477.3035,477.3243,23750.0,28027.0,Echolocation,Nyctalus leisleri,0.117,0.232,-1,/mnt/ubna_data_01_mir/recover-20220822/UBNA_013/20220822_040000.WAV,Foliage,recover-20220822,013,1795
477.7135,477.7307,23750.0,28687.0,Echolocation,Nyctalus leisleri,0.184,0.31,-1,/mnt/ubna_data_01_mir/recover-20220822/UBNA_013/20220822_040000.WAV,Foliage,recover-20220822,013,1795
478.5305,478.551,23750.0,28103.0,Echolocation,Nyctalus leisleri,0.162,0.268,-1,/mnt/ubna_data_01_mir/recover-20220822/UBNA_013/20220822_040000.WAV,Foliage,recover-20220822,013,1795
496.7315,496.7481,26328.0,30461.0,Echolocation,Nyctalus leisleri,0.137,0.247,-1,/mnt/ubna_data_01_mir/recover-20220822/UBNA_013/20220822_040000.WAV,Foliage,recover-20220822,013,1795
521.0865,521.112,22890.0,27899.0,Echolocation,Nyctalus noctula,0.131,0.224,-1,/mnt/ubna_data_01_mir/recover-20220822/UBNA_013/20220822_040000.WAV,Foliage,recover-20220822,013,1795
562.4135,562.4375,23750.0,28627.0,Echolocation,Nyctalus leisleri,0.113,0.243,-1,/mnt/ubna_data_01_mir/recover-20220822/UBNA_013/20220822_040000.WAV,Foliage,recover-20220822,013,1795
562.5525,562.5672,24609.0,28685.0,Echolocation,Nyctalus leisleri,0.199,0.363,-1,/mnt/ubna_data_01_mir/recover-20220822/UBNA_013/20220822_040000.WAV,Foliage,recover-20220822,013,1795
562.7805,562.7966,24609.0,29621.0,Echolocation,Nyctalus leisleri,0.259,0.437,-1,/mnt/ubna_data_01_mir/recover-20220822/UBNA_013/20220822_040000.WAV,Foliage,recover-20220822,013,1795
562.8975,562.9136,25468.0,32328.0,Echolocation,Eptesicus serotinus,0.131,0.259,-1,/mnt/ubna_data_01_mir/recover-20220822/UBNA_013/20220822_040000.WAV,Foliage,recover-20220822,013,1795
563.1655,563.1844,22890.0,27606.0,Echolocation,Nyctalus leisleri,0.139,0.289,-1,/mnt/ubna_data_01_mir/recover-20220822/UBNA_013/20220822_040000.WAV,Foliage,recover-20220822,013,1795
563.4415,563.4596,24609.0,28181.0,Echolocation,Nyctalus leisleri,0.254,0.359,-1,/mnt/ubna_data_01_mir/recover-20220822/UBNA_013/20220822_040000.WAV,Foliage,recover-20220822,013,1795
563.7915,563.8096,22890.0,27937.0,Echolocation,Nyctalus leisleri,0.156,0.352,-1,/mnt/ubna_data_01_mir/recover-20220822/UBNA_013/20220822_040000.WAV,Foliage,recover-20220822,013,1795
564.2755,564.2922,23750.0,27501.0,Echolocation,Nyctalus leisleri,0.359,0.441,-1,/mnt/ubna_data_01_mir/recover-20220822/UBNA_013/20220822_040000.WAV,Foliage,recover-20220822,013,1795
564.6465,564.6677,23750.0,27749.0,Echolocation,Nyctalus leisleri,0.146,0.253,-1,/mnt/ubna_data_01_mir/recover-20220822/UBNA_013/20220822_040000.WAV,Foliage,recover-20220822,013,1795
565.1445,565.1656,22890.0,27114.0,Echolocation,Nyctalus leisleri,0.149,0.294,-1,/mnt/ubna_data_01_mir/recover-20220822/UBNA_013/20220822_040000.WAV,Foliage,recover-20220822,013,1795
568.7585,568.7739,23750.0,27629.0,Echolocation,Nyctalus leisleri,0.215,0.323,-1,/mnt/ubna_data_01_mir/recover-20220822/UBNA_013/20220822_040000.WAV,Foliage,recover-20220822,013,1795
568.9415,568.9622,23750.0,27238.0,Echolocation,Nyctalus leisleri,0.142,0.21,-1,/mnt/ubna_data_01_mir/recover-20220822/UBNA_013/20220822_040000.WAV,Foliage,recover-20220822,013,1795
569.1825,569.2002,23750.0,27826.0,Echolocation,Nyctalus leisleri,0.23,0.319,-1,/mnt/ubna_data_01_mir/recover-20220822/UBNA_013/20220822_040000.WAV,Foliage,recover-20220822,013,1795
569.3055,569.3223,23750.0,29417.0,Echolocation,Nyctalus leisleri,0.213,0.408,-1,/mnt/ubna_data_01_mir/recover-20220822/UBNA_013/20220822_040000.WAV,Foliage,recover-20220822,013,1795
569.5355,569.5535,23750.0,28755.0,Echolocation,Nyctalus leisleri,0.114,0.278,-1,/mnt/ubna_data_01_mir/recover-20220822/UBNA_013/20220822_040000.WAV,Foliage,recover-20220822,013,1795
569.9095,569.9279,23750.0,28132.0,Echolocation,Nyctalus leisleri,0.215,0.312,-1,/mnt/ubna_data_01_mir/recover-20220822/UBNA_013/20220822_040000.WAV,Foliage,recover-20220822,013,1795
570.2975,570.3144,22890.0,27356.0,Echolocation,Nyctalus leisleri,0.2,0.374,-1,/mnt/ubna_data_01_mir/recover-20220822/UBNA_013/20220822_040000.WAV,Foliage,recover-20220822,013,1795
570.4405,570.4632,23750.0,28419.0,Echolocation,Nyctalus leisleri,0.108,0.231,-1,/mnt/ubna_data_01_mir/recover-20220822/UBNA_013/20220822_040000.WAV,Foliage,recover-20220822,013,1795
570.5795,570.5993,23750.0,28783.0,Echolocation,Nyctalus leisleri,0.126,0.276,-1,/mnt/ubna_data_01_mir/recover-20220822/UBNA_013/20220822_040000.WAV,Foliage,recover-20220822,013,1795
570.8945,570.9124,23750.0,29018.0,Echolocation,Nyctalus leisleri,0.206,0.384,-1,/mnt/ubna_data_01_mir/recover-20220822/UBNA_013/20220822_040000.WAV,Foliage,recover-20220822,013,1795
582.2275,582.2408,26328.0,31495.0,Echolocation,Nyctalus leisleri,0.19,0.364,-1,/mnt/ubna_data_01_mir/recover-20220822/UBNA_013/20220822_040000.WAV,Foliage,recover-20220822,013,1795
599.8775,599.8888,26328.0,30984.0,Echolocation,Nyctalus leisleri,0.145,0.298,-1,/mnt/ubna_data_01_mir/recover-20220822/UBNA_013/20220822_040000.WAV,Foliage,recover-20220822,013,1795
600.2725,600.2844,27187.0,31618.0,Echolocation,Eptesicus serotinus,0.128,0.226,-1,/mnt/ubna_data_01_mir/recover-20220822/UBNA_013/20220822_040000.WAV,Foliage,recover-20220822,013,1795
607.3065,607.3221,26328.0,30820.0,Echolocation,Nyctalus leisleri,0.187,0.322,-1,/mnt/ubna_data_01_mir/recover-20220822/UBNA_013/20220822_040000.WAV,Foliage,recover-20220822,013,1795
608.0315,608.0449,27187.0,31825.0,Echolocation,Nyctalus leisleri,0.277,0.477,-1,/mnt/ubna_data_01_mir/recover-20220822/UBNA_013/20220822_040000.WAV,Foliage,recover-20220822,013,1795
608.6585,608.6736,27187.0,31766.0,Echolocation,Nyctalus leisleri,0.313,0.465,-1,/mnt/ubna_data_01_mir/recover-20220822/UBNA_013/20220822_040000.WAV,Foliage,recover-20220822,013,1795
613.0235,613.0369,25468.0,31663.0,Echolocation,Nyctalus leisleri,0.208,0.419,-1,/mnt/ubna_data_01_mir/recover-20220822/UBNA_013/20220822_040000.WAV,Foliage,recover-20220822,013,1795
613.4955,613.5087,26328.0,31022.0,Echolocation,Nyctalus leisleri,0.253,0.417,-1,/mnt/ubna_data_01_mir/recover-20220822/UBNA_013/20220822_040000.WAV,Foliage,recover-20220822,013,1795
616.9195,616.941,23750.0,28292.0,Echolocation,Nyctalus leisleri,0.127,0.235,-1,/mnt/ubna_data_01_mir/recover-20220822/UBNA_013/20220822_040000.WAV,Foliage,recover-20220822,013,1795
617.7505,617.7635,23750.0,28875.0,Echolocation,Nyctalus leisleri,0.178,0.391,-1,/mnt/ubna_data_01_mir/recover-20220822/UBNA_013/20220822_040000.WAV,Foliage,recover-20220822,013,1795
618.2245,618.2429,23750.0,30097.0,Echolocation,Nyctalus leisleri,0.145,0.367,-1,/mnt/ubna_data_01_mir/recover-20220822/UBNA_013/20220822_040000.WAV,Foliage,recover-20220822,013,1795
619.1825,619.1992,23750.0,29005.0,Echolocation,Nyctalus leisleri,0.25,0.507,-1,/mnt/ubna_data_01_mir/recover-20220822/UBNA_013/20220822_040000.WAV,Foliage,recover-20220822,013,1795
619.3085,619.3316,22890.0,28712.0,Echolocation,Nyctalus noctula,0.131,0.335,-1,/mnt/ubna_data_01_mir/recover-20220822/UBNA_013/20220822_040000.WAV,Foliage,recover-20220822,013,1795
619.5435,619.5621,24609.0,30341.0,Echolocation,Nyctalus leisleri,0.139,0.276,-1,/mnt/ubna_data_01_mir/recover-20220822/UBNA_013/20220822_040000.WAV,Foliage,recover-20220822,013,1795
619.7715,619.7892,23750.0,27927.0,Echolocation,Nyctalus leisleri,0.245,0.366,-1,/mnt/ubna_data_01_mir/recover-20220822/UBNA_013/20220822_040000.WAV,Foliage,recover-20220822,013,1795
620.0015,620.0153,22031.0,27384.0,Echolocation,Nyctalus leisleri,0.113,0.23,-1,/mnt/ubna_data_01_mir/recover-20220822/UBNA_013/20220822_040000.WAV,Foliage,recover-20220822,013,1795
641.7765,641.7908,23750.0,28244.0,Echolocation,Nyctalus leisleri,0.152,0.297,-1,/mnt/ubna_data_01_mir/recover-20220822/UBNA_013/20220822_040000.WAV,Foliage,recover-20220822,013,1795
644.4745,644.4905,23750.0,28175.0,Echolocation,Nyctalus leisleri,0.16,0.287,-1,/mnt/ubna_data_01_mir/recover-20220822/UBNA_013/20220822_040000.WAV,Foliage,recover-20220822,013,1795
645.0585,645.0806,23750.0,26912.0,Echolocation,Nyctalus leisleri,0.195,0.27,-1,/mnt/ubna_data_01_mir/recover-20220822/UBNA_013/20220822_040000.WAV,Foliage,recover-20220822,013,1795
645.2925,645.3144,23750.0,28188.0,Echolocation,Nyctalus leisleri,0.101,0.211,-1,/mnt/ubna_data_01_mir/recover-20220822/UBNA_013/20220822_040000.WAV,Foliage,recover-20220822,013,1795
647.3735,647.3948,27187.0,31426.0,Echolocation,Nyctalus leisleri,0.131,0.235,-1,/mnt/ubna_data_01_mir/recover-20220822/UBNA_013/20220822_040000.WAV,Foliage,recover-20220822,013,1795
647.6125,647.6311,23750.0,27499.0,Echolocation,Nyctalus leisleri,0.258,0.328,-1,/mnt/ubna_data_01_mir/recover-20220822/UBNA_013/20220822_040000.WAV,Foliage,recover-20220822,013,1795
647.8985,647.9145,22890.0,26635.0,Echolocation,Nyctalus leisleri,0.576,0.662,-1,/mnt/ubna_data_01_mir/recover-20220822/UBNA_013/20220822_040000.WAV,Foliage,recover-20220822,013,1795
648.1655,648.1822,22890.0,26821.0,Echolocation,Nyctalus leisleri,0.491,0.609,-1,/mnt/ubna_data_01_mir/recover-20220822/UBNA_013/20220822_040000.WAV,Foliage,recover-20220822,013,1795
648.2035,648.2194,25468.0,30155.0,Echolocation,Nyctalus leisleri,0.125,0.218,-1,/mnt/ubna_data_01_mir/recover-20220822/UBNA_013/20220822_040000.WAV,Foliage,recover-20220822,013,1795
648.4495,648.4661,22890.0,26938.0,Echolocation,Nyctalus leisleri,0.519,0.592,-1,/mnt/ubna_data_01_mir/recover-20220822/UBNA_013/20220822_040000.WAV,Foliage,recover-20220822,013,1795
648.5775,648.597,23750.0,28665.0,Echolocation,Nyctalus leisleri,0.235,0.36,-1,/mnt/ubna_data_01_mir/recover-20220822/UBNA_013/20220822_040000.WAV,Foliage,recover-20220822,013,1795
648.7065,648.718,23750.0,29362.0,Echolocation,Nyctalus leisleri,0.263,0.527,-1,/mnt/ubna_data_01_mir/recover-20220822/UBNA_013/20220822_040000.WAV,Foliage,recover-20220822,013,1795
648.8445,648.8577,23750.0,27943.0,Echolocation,Nyctalus leisleri,0.331,0.468,-1,/mnt/ubna_data_01_mir/recover-20220822/UBNA_013/20220822_040000.WAV,Foliage,recover-20220822,013,1795
649.0125,649.0251,23750.0,28978.0,Echolocation,Nyctalus leisleri,0.41,0.618,-1,/mnt/ubna_data_01_mir/recover-20220822/UBNA_013/20220822_040000.WAV,Foliage,recover-20220822,013,1795
649.0495,649.0739,23750.0,28223.0,Echolocation,Nyctalus leisleri,0.171,0.271,-1,/mnt/ubna_data_01_mir/recover-20220822/UBNA_013/20220822_040000.WAV,Foliage,recover-20220822,013,1795
649.1325,649.1442,23750.0,28512.0,Echolocation,Nyctalus leisleri,0.205,0.443,-1,/mnt/ubna_data_01_mir/recover-20220822/UBNA_013/20220822_040000.WAV,Foliage,recover-20220822,013,1795
649.2445,649.2558,24609.0,28912.0,Echolocation,Nyctalus leisleri,0.201,0.411,-1,/mnt/ubna_data_01_mir/recover-20220822/UBNA_013/20220822_040000.WAV,Foliage,recover-20220822,013,1795
649.3985,649.4173,24609.0,30674.0,Echolocation,Nyctalus leisleri,0.136,0.303,-1,/mnt/ubna_data_01_mir/recover-20220822/UBNA_013/20220822_040000.WAV,Foliage,recover-20220822,013,1795
649.7655,649.7847,23750.0,29690.0,Echolocation,Nyctalus leisleri,0.236,0.446,-1,/mnt/ubna_data_01_mir/recover-20220822/UBNA_013/20220822_040000.WAV,Foliage,recover-20220822,013,1795
650.2615,650.2804,23750.0,27770.0,Echolocation,Nyctalus leisleri,0.279,0.402,-1,/mnt/ubna_data_01_mir/recover-20220822/UBNA_013/20220822_040000.WAV,Foliage,recover-20220822,013,1795
650.4075,650.4219,23750.0,27123.0,Echolocation,Nyctalus leisleri,0.456,0.55,-1,/mnt/ubna_data_01_mir/recover-20220822/UBNA_013/20220822_040000.WAV,Foliage,recover-20220822,013,1795
650.5365,650.5489,23750.0,29018.0,Echolocation,Nyctalus leisleri,0.555,0.669,-1,/mnt/ubna_data_01_mir/recover-20220822/UBNA_013/20220822_040000.WAV,Foliage,recover-20220822,013,1795
650.6405,650.6508,24609.0,30698.0,Echolocation,Nyctalus leisleri,0.412,0.628,-1,/mnt/ubna_data_01_mir/recover-20220822/UBNA_013/20220822_040000.WAV,Foliage,recover-20220822,013,1795
650.7555,650.7669,24609.0,29454.0,Echolocation,Nyctalus leisleri,0.483,0.645,-1,/mnt/ubna_data_01_mir/recover-20220822/UBNA_013/20220822_040000.WAV,Foliage,recover-20220822,013,1795
650.9014999999999,650.9172,23750.0,28156.0,Echolocation,Nyctalus leisleri,0.438,0.589,-1,/mnt/ubna_data_01_mir/recover-20220822/UBNA_013/20220822_040000.WAV,Foliage,recover-20220822,013,1795
651.0655,651.0806,23750.0,28465.0,Echolocation,Nyctalus leisleri,0.409,0.621,-1,/mnt/ubna_data_01_mir/recover-20220822/UBNA_013/20220822_040000.WAV,Foliage,recover-20220822,013,1795
651.3435,651.36,22890.0,26898.0,Echolocation,Nyctalus leisleri,0.512,0.614,-1,/mnt/ubna_data_01_mir/recover-20220822/UBNA_013/20220822_040000.WAV,Foliage,recover-20220822,013,1795
651.4605,651.4722,24609.0,30519.0,Echolocation,Eptesicus serotinus,0.213,0.474,-1,/mnt/ubna_data_01_mir/recover-20220822/UBNA_013/20220822_040000.WAV,Foliage,recover-20220822,013,1795
651.5795,651.591,24609.0,29649.0,Echolocation,Nyctalus leisleri,0.179,0.367,-1,/mnt/ubna_data_01_mir/recover-20220822/UBNA_013/20220822_040000.WAV,Foliage,recover-20220822,013,1795
651.7145,651.7297,22890.0,27545.0,Echolocation,Nyctalus leisleri,0.402,0.558,-1,/mnt/ubna_data_01_mir/recover-20220822/UBNA_013/20220822_040000.WAV,Foliage,recover-20220822,013,1795
652.0045,652.0217,22890.0,24595.0,Echolocation,Nyctalus leisleri,0.632,0.65,-1,/mnt/ubna_data_01_mir/recover-20220822/UBNA_013/20220822_040000.WAV,Foliage,recover-20220822,013,1795
652.2805,652.2977,22890.0,26729.0,Echolocation,Nyctalus leisleri,0.515,0.582,-1,/mnt/ubna_data_01_mir/recover-20220822/UBNA_013/20220822_040000.WAV,Foliage,recover-20220822,013,1795
652.5675,652.5843,22890.0,26065.0,Echolocation,Nyctalus leisleri,0.618,0.687,-1,/mnt/ubna_data_01_mir/recover-20220822/UBNA_013/20220822_040000.WAV,Foliage,recover-20220822,013,1795
652.8415,652.8595,22890.0,26759.0,Echolocation,Nyctalus leisleri,0.443,0.525,-1,/mnt/ubna_data_01_mir/recover-20220822/UBNA_013/20220822_040000.WAV,Foliage,recover-20220822,013,1795
653.1635,653.1852,22890.0,27875.0,Echolocation,Nyctalus leisleri,0.241,0.453,-1,/mnt/ubna_data_01_mir/recover-20220822/UBNA_013/20220822_040000.WAV,Foliage,recover-20220822,013,1795
653.3245,653.3412,23750.0,28865.0,Echolocation,Nyctalus leisleri,0.115,0.288,-1,/mnt/ubna_data_01_mir/recover-20220822/UBNA_013/20220822_040000.WAV,Foliage,recover-20220822,013,1795
653.4435,653.4626,22890.0,26946.0,Echolocation,Nyctalus leisleri,0.305,0.42,-1,/mnt/ubna_data_01_mir/recover-20220822/UBNA_013/20220822_040000.WAV,Foliage,recover-20220822,013,1795
653.5865,653.6052999999999,22890.0,26046.0,Echolocation,Nyctalus leisleri,0.136,0.233,-1,/mnt/ubna_data_01_mir/recover-20220822/UBNA_013/20220822_040000.WAV,Foliage,recover-20220822,013,1795
653.7685,653.7832,25468.0,30637.0,Echolocation,Nyctalus leisleri,0.199,0.336,-1,/mnt/ubna_data_01_mir/recover-20220822/UBNA_013/20220822_040000.WAV,Foliage,recover-20220822,013,1795
654.1215,654.1433,23750.0,28057.0,Echolocation,Nyctalus leisleri,0.12,0.229,-1,/mnt/ubna_data_01_mir/recover-20220822/UBNA_013/20220822_040000.WAV,Foliage,recover-20220822,013,1795
654.9285,654.942,24609.0,29775.0,Echolocation,Eptesicus serotinus,0.12,0.285,-1,/mnt/ubna_data_01_mir/recover-20220822/UBNA_013/20220822_040000.WAV,Foliage,recover-20220822,013,1795
656.1945,656.211,23750.0,28967.0,Echolocation,Nyctalus leisleri,0.304,0.507,-1,/mnt/ubna_data_01_mir/recover-20220822/UBNA_013/20220822_040000.WAV,Foliage,recover-20220822,013,1795
656.4765,656.4973,22890.0,26545.0,Echolocation,Nyctalus leisleri,0.138,0.208,-1,/mnt/ubna_data_01_mir/recover-20220822/UBNA_013/20220822_040000.WAV,Foliage,recover-20220822,013,1795
657.0365,657.0548,23750.0,28565.0,Echolocation,Nyctalus leisleri,0.312,0.415,-1,/mnt/ubna_data_01_mir/recover-20220822/UBNA_013/20220822_040000.WAV,Foliage,recover-20220822,013,1795
658.9675,658.9847,22890.0,27194.0,Echolocation,Nyctalus leisleri,0.078,0.206,-1,/mnt/ubna_data_01_mir/recover-20220822/UBNA_013/20220822_040000.WAV,Foliage,recover-20220822,013,1795
659.0565,659.0723,23750.0,28789.0,Echolocation,Nyctalus leisleri,0.133,0.254,-1,/mnt/ubna_data_01_mir/recover-20220822/UBNA_013/20220822_040000.WAV,Foliage,recover-20220822,013,1795
680.0555,680.0721,24609.0,30570.0,Echolocation,Nyctalus leisleri,0.095,0.212,-1,/mnt/ubna_data_01_mir/recover-20220822/UBNA_013/20220822_040000.WAV,Foliage,recover-20220822,013,1795
680.1955,680.2138,23750.0,28703.0,Echolocation,Nyctalus leisleri,0.085,0.221,-1,/mnt/ubna_data_01_mir/recover-20220822/UBNA_013/20220822_040000.WAV,Foliage,recover-20220822,013,1795
680.5695,680.5904,23750.0,28423.0,Echolocation,Nyctalus leisleri,0.147,0.286,-1,/mnt/ubna_data_01_mir/recover-20220822/UBNA_013/20220822_040000.WAV,Foliage,recover-20220822,013,1795
688.4035,688.4244,27187.0,31187.0,Echolocation,Nyctalus leisleri,0.134,0.225,-1,/mnt/ubna_data_01_mir/recover-20220822/UBNA_013/20220822_040000.WAV,Foliage,recover-20220822,013,1795
689.8325,689.8507,26328.0,29450.0,Echolocation,Nyctalus leisleri,0.13,0.208,-1,/mnt/ubna_data_01_mir/recover-20220822/UBNA_013/20220822_040000.WAV,Foliage,recover-20220822,013,1795
694.7205,694.7355,25468.0,30737.0,Echolocation,Nyctalus leisleri,0.17,0.326,-1,/mnt/ubna_data_01_mir/recover-20220822/UBNA_013/20220822_040000.WAV,Foliage,recover-20220822,013,1795
703.5775,703.5918,24609.0,29757.0,Echolocation,Eptesicus serotinus,0.099,0.212,-1,/mnt/ubna_data_01_mir/recover-20220822/UBNA_013/20220822_040000.WAV,Foliage,recover-20220822,013,1795
703.7355,703.7477,24609.0,28925.0,Echolocation,Nyctalus leisleri,0.275,0.453,-1,/mnt/ubna_data_01_mir/recover-20220822/UBNA_013/20220822_040000.WAV,Foliage,recover-20220822,013,1795
705.4035,705.4182,23750.0,28498.0,Echolocation,Nyctalus leisleri,0.344,0.494,-1,/mnt/ubna_data_01_mir/recover-20220822/UBNA_013/20220822_040000.WAV,Foliage,recover-20220822,013,1795
705.6525,705.6661,23750.0,29228.0,Echolocation,Nyctalus leisleri,0.315,0.525,-1,/mnt/ubna_data_01_mir/recover-20220822/UBNA_013/20220822_040000.WAV,Foliage,recover-20220822,013,1795
705.9015,705.9202,23750.0,28462.0,Echolocation,Nyctalus leisleri,0.124,0.266,-1,/mnt/ubna_data_01_mir/recover-20220822/UBNA_013/20220822_040000.WAV,Foliage,recover-20220822,013,1795
709.4145,709.431,22890.0,28267.0,Echolocation,Nyctalus leisleri,0.182,0.425,-1,/mnt/ubna_data_01_mir/recover-20220822/UBNA_013/20220822_040000.WAV,Foliage,recover-20220822,013,1795
709.9465,709.9674,22890.0,27180.0,Echolocation,Nyctalus leisleri,0.147,0.249,-1,/mnt/ubna_data_01_mir/recover-20220822/UBNA_013/20220822_040000.WAV,Foliage,recover-20220822,013,1795
712.1514999999999,712.1671,23750.0,28688.0,Echolocation,Nyctalus leisleri,0.306,0.496,-1,/mnt/ubna_data_01_mir/recover-20220822/UBNA_013/20220822_040000.WAV,Foliage,recover-20220822,013,1795
712.7155,712.7284,25468.0,29510.0,Echolocation,Nyctalus leisleri,0.285,0.455,-1,/mnt/ubna_data_01_mir/recover-20220822/UBNA_013/20220822_040000.WAV,Foliage,recover-20220822,013,1795
712.8855,712.8974,24609.0,28997.0,Echolocation,Nyctalus leisleri,0.305,0.498,-1,/mnt/ubna_data_01_mir/recover-20220822/UBNA_013/20220822_040000.WAV,Foliage,recover-20220822,013,1795
714.1825,714.1945,24609.0,29665.0,Echolocation,Nyctalus leisleri,0.218,0.443,-1,/mnt/ubna_data_01_mir/recover-20220822/UBNA_013/20220822_040000.WAV,Foliage,recover-20220822,013,1795
714.3095,714.3252,24609.0,30359.0,Echolocation,Nyctalus leisleri,0.324,0.543,-1,/mnt/ubna_data_01_mir/recover-20220822/UBNA_013/20220822_040000.WAV,Foliage,recover-20220822,013,1795
717.6745,717.687,23750.0,29174.0,Echolocation,Nyctalus leisleri,0.352,0.515,-1,/mnt/ubna_data_01_mir/recover-20220822/UBNA_013/20220822_040000.WAV,Foliage,recover-20220822,013,1795
717.9405,717.9566,25468.0,29161.0,Echolocation,Nyctalus leisleri,0.114,0.205,-1,/mnt/ubna_data_01_mir/recover-20220822/UBNA_013/20220822_040000.WAV,Foliage,recover-20220822,013,1795
718.5065,718.5179,24609.0,29336.0,Echolocation,Eptesicus serotinus,0.113,0.212,-1,/mnt/ubna_data_01_mir/recover-20220822/UBNA_013/20220822_040000.WAV,Foliage,recover-20220822,013,1795
724.6985,724.7138,26328.0,31641.0,Echolocation,Nyctalus leisleri,0.104,0.221,-1,/mnt/ubna_data_01_mir/recover-20220822/UBNA_013/20220822_040000.WAV,Foliage,recover-20220822,013,1795
725.1765,725.1925,25468.0,30373.0,Echolocation,Nyctalus leisleri,0.186,0.308,-1,/mnt/ubna_data_01_mir/recover-20220822/UBNA_013/20220822_040000.WAV,Foliage,recover-20220822,013,1795
740.5475,740.5647,27187.0,32704.0,Echolocation,Eptesicus serotinus,0.093,0.222,-1,/mnt/ubna_data_01_mir/recover-20220822/UBNA_013/20220822_040000.WAV,Foliage,recover-20220822,013,1795
740.6845,740.6985999999999,25468.0,31118.0,Echolocation,Nyctalus leisleri,0.149,0.315,-1,/mnt/ubna_data_01_mir/recover-20220822/UBNA_013/20220822_040000.WAV,Foliage,recover-20220822,013,1795
740.9185,740.9315,25468.0,29846.0,Echolocation,Nyctalus leisleri,0.152,0.314,-1,/mnt/ubna_data_01_mir/recover-20220822/UBNA_013/20220822_040000.WAV,Foliage,recover-20220822,013,1795
741.1535,741.1721,26328.0,30196.0,Echolocation,Nyctalus leisleri,0.125,0.218,-1,/mnt/ubna_data_01_mir/recover-20220822/UBNA_013/20220822_040000.WAV,Foliage,recover-20220822,013,1795
741.2815,741.2969,27187.0,31589.0,Echolocation,Eptesicus serotinus,0.107,0.23,-1,/mnt/ubna_data_01_mir/recover-20220822/UBNA_013/20220822_040000.WAV,Foliage,recover-20220822,013,1795
744.3875,744.4061,23750.0,27831.0,Echolocation,Nyctalus leisleri,0.168,0.259,-1,/mnt/ubna_data_01_mir/recover-20220822/UBNA_013/20220822_040000.WAV,Foliage,recover-20220822,013,1795
753.1215,753.1338,34921.0,38884.0,Echolocation,Pipistrellus nathusii,0.187,0.337,-1,/mnt/ubna_data_01_mir/recover-20220822/UBNA_013/20220822_040000.WAV,Foliage,recover-20220822,013,1795
760.9945,761.0075,23750.0,28161.0,Echolocation,Nyctalus leisleri,0.135,0.297,-1,/mnt/ubna_data_01_mir/recover-20220822/UBNA_013/20220822_040000.WAV,Foliage,recover-20220822,013,1795
769.4635,769.4745,40078.0,44139.0,Echolocation,Pipistrellus nathusii,0.299,0.316,-1,/mnt/ubna_data_01_mir/recover-20220822/UBNA_013/20220822_040000.WAV,Foliage,recover-20220822,013,1795
775.4215,775.4375,25468.0,29530.0,Echolocation,Nyctalus leisleri,0.119,0.235,-1,/mnt/ubna_data_01_mir/recover-20220822/UBNA_013/20220822_040000.WAV,Foliage,recover-20220822,013,1795
785.6395,785.6533,25468.0,29617.0,Echolocation,Nyctalus leisleri,0.232,0.363,-1,/mnt/ubna_data_01_mir/recover-20220822/UBNA_013/20220822_040000.WAV,Foliage,recover-20220822,013,1795
785.8295,785.8443,24609.0,29788.0,Echolocation,Nyctalus leisleri,0.466,0.602,-1,/mnt/ubna_data_01_mir/recover-20220822/UBNA_013/20220822_040000.WAV,Foliage,recover-20220822,013,1795
786.0425,786.0663,23750.0,29204.0,Echolocation,Nyctalus leisleri,0.126,0.32,-1,/mnt/ubna_data_01_mir/recover-20220822/UBNA_013/20220822_040000.WAV,Foliage,recover-20220822,013,1795
786.1975,786.2187,24609.0,29197.0,Echolocation,Nyctalus leisleri,0.126,0.232,-1,/mnt/ubna_data_01_mir/recover-20220822/UBNA_013/20220822_040000.WAV,Foliage,recover-20220822,013,1795
786.3685,786.3851,24609.0,30111.0,Echolocation,Nyctalus leisleri,0.227,0.432,-1,/mnt/ubna_data_01_mir/recover-20220822/UBNA_013/20220822_040000.WAV,Foliage,recover-20220822,013,1795
786.5745,786.5907,23750.0,28639.0,Echolocation,Nyctalus leisleri,0.321,0.491,-1,/mnt/ubna_data_01_mir/recover-20220822/UBNA_013/20220822_040000.WAV,Foliage,recover-20220822,013,1795
787.1205,787.135,23750.0,27920.0,Echolocation,Nyctalus leisleri,0.327,0.492,-1,/mnt/ubna_data_01_mir/recover-20220822/UBNA_013/20220822_040000.WAV,Foliage,recover-20220822,013,1795
787.9365,787.955,24609.0,29142.0,Echolocation,Nyctalus leisleri,0.141,0.236,-1,/mnt/ubna_data_01_mir/recover-20220822/UBNA_013/20220822_040000.WAV,Foliage,recover-20220822,013,1795
788.0385,788.0592,23750.0,27703.0,Echolocation,Nyctalus leisleri,0.112,0.209,-1,/mnt/ubna_data_01_mir/recover-20220822/UBNA_013/20220822_040000.WAV,Foliage,recover-20220822,013,1795
789.4435,789.46,26328.0,32059.0,Echolocation,Nyctalus leisleri,0.185,0.383,-1,/mnt/ubna_data_01_mir/recover-20220822/UBNA_013/20220822_040000.WAV,Foliage,recover-20220822,013,1795
789.5685,789.5816,27187.0,32709.0,Echolocation,Nyctalus leisleri,0.204,0.427,-1,/mnt/ubna_data_01_mir/recover-20220822/UBNA_013/20220822_040000.WAV,Foliage,recover-20220822,013,1795
789.6975,789.7142,27187.0,31730.0,Echolocation,Nyctalus leisleri,0.133,0.248,-1,/mnt/ubna_data_01_mir/recover-20220822/UBNA_013/20220822_040000.WAV,Foliage,recover-20220822,013,1795
789.8275,789.8427,26328.0,30932.0,Echolocation,Nyctalus leisleri,0.202,0.362,-1,/mnt/ubna_data_01_mir/recover-20220822/UBNA_013/20220822_040000.WAV,Foliage,recover-20220822,013,1795
789.9615,789.9764,27187.0,31548.0,Echolocation,Nyctalus leisleri,0.249,0.417,-1,/mnt/ubna_data_01_mir/recover-20220822/UBNA_013/20220822_040000.WAV,Foliage,recover-20220822,013,1795
790.0915,790.1052999999999,26328.0,32660.0,Echolocation,Nyctalus leisleri,0.267,0.544,-1,/mnt/ubna_data_01_mir/recover-20220822/UBNA_013/20220822_040000.WAV,Foliage,recover-20220822,013,1795
790.4565,790.4753,27187.0,31059.0,Echolocation,Nyctalus leisleri,0.208,0.281,-1,/mnt/ubna_data_01_mir/recover-20220822/UBNA_013/20220822_040000.WAV,Foliage,recover-20220822,013,1795
811.0195,811.0352,22890.0,26281.0,Echolocation,Nyctalus leisleri,0.377,0.461,-1,/mnt/ubna_data_01_mir/recover-20220822/UBNA_013/20220822_040000.WAV,Foliage,recover-20220822,013,1795
811.5695,811.5899,22890.0,26985.0,Echolocation,Nyctalus leisleri,0.215,0.291,-1,/mnt/ubna_data_01_mir/recover-20220822/UBNA_013/20220822_040000.WAV,Foliage,recover-20220822,013,1795
812.5115,812.5288,22890.0,27062.0,Echolocation,Nyctalus leisleri,0.223,0.341,-1,/mnt/ubna_data_01_mir/recover-20220822/UBNA_013/20220822_040000.WAV,Foliage,recover-20220822,013,1795
812.7775,812.7952,22890.0,27412.0,Echolocation,Nyctalus leisleri,0.346,0.506,-1,/mnt/ubna_data_01_mir/recover-20220822/UBNA_013/20220822_040000.WAV,Foliage,recover-20220822,013,1795
813.1965,813.2193,22031.0,26567.0,Echolocation,Nyctalus leisleri,0.095,0.222,-1,/mnt/ubna_data_01_mir/recover-20220822/UBNA_013/20220822_040000.WAV,Foliage,recover-20220822,013,1795
813.4835,813.5008,22890.0,26625.0,Echolocation,Nyctalus leisleri,0.35,0.436,-1,/mnt/ubna_data_01_mir/recover-20220822/UBNA_013/20220822_040000.WAV,Foliage,recover-20220822,013,1795
813.7675,813.781,22890.0,27625.0,Echolocation,Nyctalus leisleri,0.368,0.499,-1,/mnt/ubna_data_01_mir/recover-20220822/UBNA_013/20220822_040000.WAV,Foliage,recover-20220822,013,1795
814.0665,814.0855,22890.0,26639.0,Echolocation,Nyctalus leisleri,0.385,0.44,-1,/mnt/ubna_data_01_mir/recover-20220822/UBNA_013/20220822_040000.WAV,Foliage,recover-20220822,013,1795
814.3655,814.3835,23750.0,26774.0,Echolocation,Nyctalus leisleri,0.337,0.399,-1,/mnt/ubna_data_01_mir/recover-20220822/UBNA_013/20220822_040000.WAV,Foliage,recover-20220822,013,1795
814.6655,814.6843,22890.0,26781.0,Echolocation,Nyctalus leisleri,0.416,0.481,-1,/mnt/ubna_data_01_mir/recover-20220822/UBNA_013/20220822_040000.WAV,Foliage,recover-20220822,013,1795
814.9855,815.004,23750.0,26510.0,Echolocation,Nyctalus leisleri,0.485,0.527,-1,/mnt/ubna_data_01_mir/recover-20220822/UBNA_013/20220822_040000.WAV,Foliage,recover-20220822,013,1795
815.2895,815.3108,23750.0,28070.0,Echolocation,Nyctalus leisleri,0.114,0.2,-1,/mnt/ubna_data_01_mir/recover-20220822/UBNA_013/20220822_040000.WAV,Foliage,recover-20220822,013,1795
815.5835,815.5984,22890.0,26659.0,Echolocation,Nyctalus leisleri,0.465,0.543,-1,/mnt/ubna_data_01_mir/recover-20220822/UBNA_013/20220822_040000.WAV,Foliage,recover-20220822,013,1795
815.8805,815.9025,22031.0,25708.0,Echolocation,Nyctalus leisleri,0.155,0.237,-1,/mnt/ubna_data_01_mir/recover-20220822/UBNA_013/20220822_040000.WAV,Foliage,recover-20220822,013,1795
816.3215,816.3397,22890.0,26837.0,Echolocation,Nyctalus leisleri,0.366,0.465,-1,/mnt/ubna_data_01_mir/recover-20220822/UBNA_013/20220822_040000.WAV,Foliage,recover-20220822,013,1795
816.6125,816.6339,22890.0,26949.0,Echolocation,Nyctalus leisleri,0.179,0.249,-1,/mnt/ubna_data_01_mir/recover-20220822/UBNA_013/20220822_040000.WAV,Foliage,recover-20220822,013,1795
816.6515,816.6673,25468.0,29518.0,Echolocation,Nyctalus leisleri,0.16,0.279,-1,/mnt/ubna_data_01_mir/recover-20220822/UBNA_013/20220822_040000.WAV,Foliage,recover-20220822,013,1795
816.7775,816.7895,26328.0,30945.0,Echolocation,Nyctalus leisleri,0.308,0.5,-1,/mnt/ubna_data_01_mir/recover-20220822/UBNA_013/20220822_040000.WAV,Foliage,recover-20220822,013,1795
817.8065,817.8199,23750.0,31193.0,Echolocation,Eptesicus serotinus,0.285,0.65,-1,/mnt/ubna_data_01_mir/recover-20220822/UBNA_013/20220822_040000.WAV,Foliage,recover-20220822,013,1795
818.0465,818.0631,22890.0,28089.0,Echolocation,Nyctalus leisleri,0.464,0.604,-1,/mnt/ubna_data_01_mir/recover-20220822/UBNA_013/20220822_040000.WAV,Foliage,recover-20220822,013,1795
818.4085,818.427,22031.0,26780.0,Echolocation,Nyctalus leisleri,0.482,0.59,-1,/mnt/ubna_data_01_mir/recover-20220822/UBNA_013/20220822_040000.WAV,Foliage,recover-20220822,013,1795
818.6915,818.7104,22890.0,27202.0,Echolocation,Nyctalus leisleri,0.399,0.518,-1,/mnt/ubna_data_01_mir/recover-20220822/UBNA_013/20220822_040000.WAV,Foliage,recover-20220822,013,1795
819.1105,819.1296,22890.0,27360.0,Echolocation,Nyctalus leisleri,0.38,0.505,-1,/mnt/ubna_data_01_mir/recover-20220822/UBNA_013/20220822_040000.WAV,Foliage,recover-20220822,013,1795
819.7005,819.7254,22890.0,27423.0,Echolocation,Nyctalus leisleri,0.158,0.288,-1,/mnt/ubna_data_01_mir/recover-20220822/UBNA_013/20220822_040000.WAV,Foliage,recover-20220822,013,1795
820.3025,820.3279,22890.0,27426.0,Echolocation,Nyctalus leisleri,0.123,0.229,-1,/mnt/ubna_data_01_mir/recover-20220822/UBNA_013/20220822_040000.WAV,Foliage,recover-20220822,013,1795
840.5375,840.551,26328.0,30552.0,Echolocation,Nyctalus leisleri,0.154,0.276,-1,/mnt/ubna_data_01_mir/recover-20220822/UBNA_013/20220822_040000.WAV,Foliage,recover-20220822,013,1795
852.7125,852.7271,27187.0,31594.0,Echolocation,Eptesicus serotinus,0.114,0.232,-1,/mnt/ubna_data_01_mir/recover-20220822/UBNA_013/20220822_040000.WAV,Foliage,recover-20220822,013,1795
856.7235000000001,856.7427,24609.0,28250.0,Echolocation,Nyctalus leisleri,0.125,0.208,-1,/mnt/ubna_data_01_mir/recover-20220822/UBNA_013/20220822_040000.WAV,Foliage,recover-20220822,013,1795
865.4305,865.4452,25468.0,31325.0,Echolocation,Nyctalus leisleri,0.223,0.436,-1,/mnt/ubna_data_01_mir/recover-20220822/UBNA_013/20220822_040000.WAV,Foliage,recover-20220822,013,1795
865.7755,865.7915,26328.0,31949.0,Echolocation,Eptesicus serotinus,0.13,0.276,-1,/mnt/ubna_data_01_mir/recover-20220822/UBNA_013/20220822_040000.WAV,Foliage,recover-20220822,013,1795
877.7505,877.7625,26328.0,32415.0,Echolocation,Eptesicus serotinus,0.212,0.45,-1,/mnt/ubna_data_01_mir/recover-20220822/UBNA_013/20220822_040000.WAV,Foliage,recover-20220822,013,1795
878.1505,878.1647,26328.0,30281.0,Echolocation,Nyctalus leisleri,0.174,0.29,-1,/mnt/ubna_data_01_mir/recover-20220822/UBNA_013/20220822_040000.WAV,Foliage,recover-20220822,013,1795
878.3965,878.4138,27187.0,31777.0,Echolocation,Nyctalus leisleri,0.104,0.246,-1,/mnt/ubna_data_01_mir/recover-20220822/UBNA_013/20220822_040000.WAV,Foliage,recover-20220822,013,1795
878.7845,878.8008,26328.0,30983.0,Echolocation,Nyctalus leisleri,0.247,0.372,-1,/mnt/ubna_data_01_mir/recover-20220822/UBNA_013/20220822_040000.WAV,Foliage,recover-20220822,013,1795
884.9075,884.9241,22031.0,26398.0,Echolocation,Nyctalus leisleri,0.35,0.501,-1,/mnt/ubna_data_01_mir/recover-20220822/UBNA_013/20220822_040000.WAV,Foliage,recover-20220822,013,1795
903.1005,903.1139,25468.0,30147.0,Echolocation,Nyctalus leisleri,0.114,0.243,-1,/mnt/ubna_data_01_mir/recover-20220822/UBNA_013/20220822_040000.WAV,Foliage,recover-20220822,013,1795
903.7335,903.7464,27187.0,31425.0,Echolocation,Nyctalus leisleri,0.121,0.265,-1,/mnt/ubna_data_01_mir/recover-20220822/UBNA_013/20220822_040000.WAV,Foliage,recover-20220822,013,1795
909.4095,909.4224,26328.0,31389.0,Echolocation,Nyctalus leisleri,0.366,0.548,-1,/mnt/ubna_data_01_mir/recover-20220822/UBNA_013/20220822_040000.WAV,Foliage,recover-20220822,013,1795
909.6535,909.6676,25468.0,29387.0,Echolocation,Nyctalus leisleri,0.102,0.211,-1,/mnt/ubna_data_01_mir/recover-20220822/UBNA_013/20220822_040000.WAV,Foliage,recover-20220822,013,1795
944.6195,944.632,28046.0,32360.0,Echolocation,Nyctalus leisleri,0.155,0.287,-1,/mnt/ubna_data_01_mir/recover-20220822/UBNA_013/20220822_040000.WAV,Foliage,recover-20220822,013,1795
955.9085,955.9277,26328.0,30683.0,Echolocation,Nyctalus leisleri,0.099,0.204,-1,/mnt/ubna_data_01_mir/recover-20220822/UBNA_013/20220822_040000.WAV,Foliage,recover-20220822,013,1795
956.9005,956.9142,26328.0,31328.0,Echolocation,Nyctalus leisleri,0.218,0.381,-1,/mnt/ubna_data_01_mir/recover-20220822/UBNA_013/20220822_040000.WAV,Foliage,recover-20220822,013,1795
957.0245,957.0388,27187.0,32556.0,Echolocation,Nyctalus leisleri,0.135,0.273,-1,/mnt/ubna_data_01_mir/recover-20220822/UBNA_013/20220822_040000.WAV,Foliage,recover-20220822,013,1795
957.2995,957.3138,26328.0,31258.0,Echolocation,Nyctalus leisleri,0.172,0.329,-1,/mnt/ubna_data_01_mir/recover-20220822/UBNA_013/20220822_040000.WAV,Foliage,recover-20220822,013,1795
957.7025,957.7187,27187.0,31478.0,Echolocation,Nyctalus leisleri,0.146,0.269,-1,/mnt/ubna_data_01_mir/recover-20220822/UBNA_013/20220822_040000.WAV,Foliage,recover-20220822,013,1795
958.9105,958.9278,26328.0,30706.0,Echolocation,Nyctalus leisleri,0.155,0.278,-1,/mnt/ubna_data_01_mir/recover-20220822/UBNA_013/20220822_040000.WAV,Foliage,recover-20220822,013,1795
964.4695,964.4884,23750.0,30312.0,Echolocation,Eptesicus serotinus,0.168,0.391,-1,/mnt/ubna_data_01_mir/recover-20220822/UBNA_013/20220822_040000.WAV,Foliage,recover-20220822,013,1795
964.6025,964.6191,24609.0,29697.0,Echolocation,Nyctalus leisleri,0.195,0.392,-1,/mnt/ubna_data_01_mir/recover-20220822/UBNA_013/20220822_040000.WAV,Foliage,recover-20220822,013,1795
964.7735,964.7865,25468.0,31735.0,Echolocation,Eptesicus serotinus,0.239,0.467,-1,/mnt/ubna_data_01_mir/recover-20220822/UBNA_013/20220822_040000.WAV,Foliage,recover-20220822,013,1795
964.9865,965.0019,23750.0,27600.0,Echolocation,Nyctalus leisleri,0.227,0.366,-1,/mnt/ubna_data_01_mir/recover-20220822/UBNA_013/20220822_040000.WAV,Foliage,recover-20220822,013,1795
965.2595,965.2773,23750.0,28154.0,Echolocation,Nyctalus leisleri,0.108,0.228,-1,/mnt/ubna_data_01_mir/recover-20220822/UBNA_013/20220822_040000.WAV,Foliage,recover-20220822,013,1795
965.7695,965.7901,24609.0,28378.0,Echolocation,Nyctalus leisleri,0.147,0.234,-1,/mnt/ubna_data_01_mir/recover-20220822/UBNA_013/20220822_040000.WAV,Foliage,recover-20220822,013,1795
966.2485,966.2653,23750.0,30168.0,Echolocation,Nyctalus leisleri,0.114,0.299,-1,/mnt/ubna_data_01_mir/recover-20220822/UBNA_013/20220822_040000.WAV,Foliage,recover-20220822,013,1795
969.8715,969.8892,26328.0,30498.0,Echolocation,Nyctalus leisleri,0.144,0.258,-1,/mnt/ubna_data_01_mir/recover-20220822/UBNA_013/20220822_040000.WAV,Foliage,recover-20220822,013,1795
974.5635,974.5783,25468.0,30372.0,Echolocation,Nyctalus leisleri,0.102,0.219,-1,/mnt/ubna_data_01_mir/recover-20220822/UBNA_013/20220822_040000.WAV,Foliage,recover-20220822,013,1795
998.4035,998.4187,27187.0,32188.0,Echolocation,Eptesicus serotinus,0.116,0.217,-1,/mnt/ubna_data_01_mir/recover-20220822/UBNA_013/20220822_040000.WAV,Foliage,recover-20220822,013,1795
998.6395,998.6531,27187.0,32123.0,Echolocation,Nyctalus leisleri,0.189,0.34,-1,/mnt/ubna_data_01_mir/recover-20220822/UBNA_013/20220822_040000.WAV,Foliage,recover-20220822,013,1795
998.7665,998.7799,27187.0,31975.0,Echolocation,Nyctalus leisleri,0.286,0.417,-1,/mnt/ubna_data_01_mir/recover-20220822/UBNA_013/20220822_040000.WAV,Foliage,recover-20220822,013,1795
998.8385,998.8497,40937.0,44486.0,Echolocation,Pipistrellus nathusii,0.247,0.288,-1,/mnt/ubna_data_01_mir/recover-20220822/UBNA_013/20220822_040000.WAV,Foliage,recover-20220822,013,1795
998.8905,998.9059,27187.0,30954.0,Echolocation,Nyctalus leisleri,0.159,0.253,-1,/mnt/ubna_data_01_mir/recover-20220822/UBNA_013/20220822_040000.WAV,Foliage,recover-20220822,013,1795
999.7475,999.7593,28046.0,33449.0,Echolocation,Eptesicus serotinus,0.19,0.412,-1,/mnt/ubna_data_01_mir/recover-20220822/UBNA_013/20220822_040000.WAV,Foliage,recover-20220822,013,1795
999.8695,999.8808,28046.0,34645.0,Echolocation,Nyctalus leisleri,0.254,0.567,-1,/mnt/ubna_data_01_mir/recover-20220822/UBNA_013/20220822_040000.WAV,Foliage,recover-20220822,013,1795
1000.2245,1000.238,26328.0,31145.0,Echolocation,Nyctalus leisleri,0.252,0.447,-1,/mnt/ubna_data_01_mir/recover-20220822/UBNA_013/20220822_040000.WAV,Foliage,recover-20220822,013,1795
1000.3575,1000.3755,27187.0,31538.0,Echolocation,Nyctalus leisleri,0.131,0.254,-1,/mnt/ubna_data_01_mir/recover-20220822/UBNA_013/20220822_040000.WAV,Foliage,recover-20220822,013,1795
1001.8895,1001.9007,27187.0,33611.0,Echolocation,Eptesicus serotinus,0.142,0.203,-1,/mnt/ubna_data_01_mir/recover-20220822/UBNA_013/20220822_040000.WAV,Foliage,recover-20220822,013,1795
1002.1145,1002.1285,28046.0,32813.0,Echolocation,Nyctalus leisleri,0.244,0.443,-1,/mnt/ubna_data_01_mir/recover-20220822/UBNA_013/20220822_040000.WAV,Foliage,recover-20220822,013,1795
1002.2175,1002.2313,28046.0,33302.0,Echolocation,Eptesicus serotinus,0.148,0.268,-1,/mnt/ubna_data_01_mir/recover-20220822/UBNA_013/20220822_040000.WAV,Foliage,recover-20220822,013,1795
1002.4605,1002.4729,28046.0,34290.0,Echolocation,Eptesicus serotinus,0.206,0.311,-1,/mnt/ubna_data_01_mir/recover-20220822/UBNA_013/20220822_040000.WAV,Foliage,recover-20220822,013,1795
1002.9135,1002.9281,22890.0,28409.0,Echolocation,Nyctalus leisleri,0.184,0.428,-1,/mnt/ubna_data_01_mir/recover-20220822/UBNA_013/20220822_040000.WAV,Foliage,recover-20220822,013,1795
1002.9365,1002.9546,28046.0,32063.0,Echolocation,Nyctalus leisleri,0.178,0.295,-1,/mnt/ubna_data_01_mir/recover-20220822/UBNA_013/20220822_040000.WAV,Foliage,recover-20220822,013,1795
1003.0755,1003.0905,28046.0,33695.0,Echolocation,Eptesicus serotinus,0.16,0.365,-1,/mnt/ubna_data_01_mir/recover-20220822/UBNA_013/20220822_040000.WAV,Foliage,recover-20220822,013,1795
1003.2265,1003.241,27187.0,32143.0,Echolocation,Nyctalus leisleri,0.259,0.41,-1,/mnt/ubna_data_01_mir/recover-20220822/UBNA_013/20220822_040000.WAV,Foliage,recover-20220822,013,1795
1003.4185,1003.4318,27187.0,34186.0,Echolocation,Eptesicus serotinus,0.283,0.456,-1,/mnt/ubna_data_01_mir/recover-20220822/UBNA_013/20220822_040000.WAV,Foliage,recover-20220822,013,1795
1003.4745,1003.4927,24609.0,28875.0,Echolocation,Nyctalus leisleri,0.141,0.266,-1,/mnt/ubna_data_01_mir/recover-20220822/UBNA_013/20220822_040000.WAV,Foliage,recover-20220822,013,1795
1004.6975,1004.7177,28046.0,32153.0,Echolocation,Nyctalus leisleri,0.11,0.21,-1,/mnt/ubna_data_01_mir/recover-20220822/UBNA_013/20220822_040000.WAV,Foliage,recover-20220822,013,1795
1005.2865,1005.3071,23750.0,27844.0,Echolocation,Nyctalus leisleri,0.153,0.246,-1,/mnt/ubna_data_01_mir/recover-20220822/UBNA_013/20220822_040000.WAV,Foliage,recover-20220822,013,1795
1005.8225,1005.8388,23750.0,28412.0,Echolocation,Nyctalus leisleri,0.177,0.329,-1,/mnt/ubna_data_01_mir/recover-20220822/UBNA_013/20220822_040000.WAV,Foliage,recover-20220822,013,1795
1024.0805,1024.0975,23750.0,28017.0,Echolocation,Nyctalus leisleri,0.09,0.228,-1,/mnt/ubna_data_01_mir/recover-20220822/UBNA_013/20220822_040000.WAV,Foliage,recover-20220822,013,1795
1026.6905,1026.697,48671.0,60540.0,Echolocation,Pipistrellus pipistrellus,0.202,0.218,-1,/mnt/ubna_data_01_mir/recover-20220822/UBNA_013/20220822_040000.WAV,Foliage,recover-20220822,013,1795
1027.0425,1027.0507,47812.0,56403.0,Echolocation,Pipistrellus pipistrellus,0.219,0.233,-1,/mnt/ubna_data_01_mir/recover-20220822/UBNA_013/20220822_040000.WAV,Foliage,recover-20220822,013,1795
1027.1295,1027.1406,48671.0,57957.0,Echolocation,Pipistrellus pipistrellus,0.28,0.314,-1,/mnt/ubna_data_01_mir/recover-20220822/UBNA_013/20220822_040000.WAV,Foliage,recover-20220822,013,1795
1027.2105,1027.2197,46093.0,58906.0,Echolocation,Pipistrellus pipistrellus,0.2,0.296,-1,/mnt/ubna_data_01_mir/recover-20220822/UBNA_013/20220822_040000.WAV,Foliage,recover-20220822,013,1795
1027.2725,1027.2788,48671.0,58395.0,Echolocation,Pipistrellus pipistrellus,0.475,0.495,-1,/mnt/ubna_data_01_mir/recover-20220822/UBNA_013/20220822_040000.WAV,Foliage,recover-20220822,013,1795
1027.3335,1027.3406,46093.0,61496.0,Echolocation,Pipistrellus pipistrellus,0.385,0.515,-1,/mnt/ubna_data_01_mir/recover-20220822/UBNA_013/20220822_040000.WAV,Foliage,recover-20220822,013,1795
1027.5615,1027.5679,46953.0,62816.0,Echolocation,Pipistrellus pipistrellus,0.276,0.356,-1,/mnt/ubna_data_01_mir/recover-20220822/UBNA_013/20220822_040000.WAV,Foliage,recover-20220822,013,1795
1027.6075,1027.6179,47812.0,60115.0,Echolocation,Pipistrellus pipistrellus,0.207,0.238,-1,/mnt/ubna_data_01_mir/recover-20220822/UBNA_013/20220822_040000.WAV,Foliage,recover-20220822,013,1795
1028.0525,1028.0606,50390.0,62689.0,Echolocation,Pipistrellus pipistrellus,0.225,0.278,-1,/mnt/ubna_data_01_mir/recover-20220822/UBNA_013/20220822_040000.WAV,Foliage,recover-20220822,013,1795
1028.1775,1028.185,52109.0,63657.0,Echolocation,Pipistrellus pipistrellus,0.288,0.394,-1,/mnt/ubna_data_01_mir/recover-20220822/UBNA_013/20220822_040000.WAV,Foliage,recover-20220822,013,1795
1028.2345,1028.2414,52109.0,58120.0,Echolocation,Pipistrellus pipistrellus,0.306,0.347,-1,/mnt/ubna_data_01_mir/recover-20220822/UBNA_013/20220822_040000.WAV,Foliage,recover-20220822,013,1795
1028.2815,1028.2872,48671.0,65356.0,Echolocation,Pipistrellus pipistrellus,0.377,0.536,-1,/mnt/ubna_data_01_mir/recover-20220822/UBNA_013/20220822_040000.WAV,Foliage,recover-20220822,013,1795
1028.3315,1028.3362,46953.0,63345.0,Echolocation,Pipistrellus pipistrellus,0.316,0.411,-1,/mnt/ubna_data_01_mir/recover-20220822/UBNA_013/20220822_040000.WAV,Foliage,recover-20220822,013,1795
1028.3825,1028.3879,46953.0,61667.0,Echolocation,Pipistrellus pipistrellus,0.565,0.596,-1,/mnt/ubna_data_01_mir/recover-20220822/UBNA_013/20220822_040000.WAV,Foliage,recover-20220822,013,1795
1028.4265,1028.4328,48671.0,66647.0,Echolocation,Pipistrellus pipistrellus,0.157,0.262,-1,/mnt/ubna_data_01_mir/recover-20220822/UBNA_013/20220822_040000.WAV,Foliage,recover-20220822,013,1795
1028.4735,1028.4817,48671.0,64095.0,Echolocation,Pipistrellus pipistrellus,0.362,0.461,-1,/mnt/ubna_data_01_mir/recover-20220822/UBNA_013/20220822_040000.WAV,Foliage,recover-20220822,013,1795
1028.5265,1028.5363,47812.0,63693.0,Echolocation,Pipistrellus pipistrellus,0.42,0.506,-1,/mnt/ubna_data_01_mir/recover-20220822/UBNA_013/20220822_040000.WAV,Foliage,recover-20220822,013,1795
1028.6405,1028.6485,49531.0,64238.0,Echolocation,Pipistrellus pipistrellus,0.217,0.27,-1,/mnt/ubna_data_01_mir/recover-20220822/UBNA_013/20220822_040000.WAV,Foliage,recover-20220822,013,1795
1028.8085,1028.8188,49531.0,57575.0,Echolocation,Pipistrellus pipistrellus,0.207,0.228,-1,/mnt/ubna_data_01_mir/recover-20220822/UBNA_013/20220822_040000.WAV,Foliage,recover-20220822,013,1795
1029.0685,1029.0761,47812.0,60048.0,Echolocation,Pipistrellus pipistrellus,0.221,0.247,-1,/mnt/ubna_data_01_mir/recover-20220822/UBNA_013/20220822_040000.WAV,Foliage,recover-20220822,013,1795
1029.1225,1029.1342,52968.0,60550.0,Echolocation,Pipistrellus pipistrellus,0.171,0.258,-1,/mnt/ubna_data_01_mir/recover-20220822/UBNA_013/20220822_040000.WAV,Foliage,recover-20220822,013,1795
1029.2375,1029.2554,52968.0,56870.0,Echolocation,Pipistrellus pygmaeus,0.102,0.201,-1,/mnt/ubna_data_01_mir/recover-20220822/UBNA_013/20220822_040000.WAV,Foliage,recover-20220822,013,1795
1029.6235,1029.6309,48671.0,57521.0,Echolocation,Pipistrellus pipistrellus,0.427,0.445,-1,/mnt/ubna_data_01_mir/recover-20220822/UBNA_013/20220822_040000.WAV,Foliage,recover-20220822,013,1795
1029.9755,1029.9876,46953.0,55299.0,Echolocation,Pipistrellus pipistrellus,0.235,0.28,-1,/mnt/ubna_data_01_mir/recover-20220822/UBNA_013/20220822_040000.WAV,Foliage,recover-20220822,013,1795
1030.7785,1030.7876,47812.0,61059.0,Echolocation,Pipistrellus pipistrellus,0.168,0.233,-1,/mnt/ubna_data_01_mir/recover-20220822/UBNA_013/20220822_040000.WAV,Foliage,recover-20220822,013,1795
1031.4675,1031.4739,48671.0,60133.0,Echolocation,Pipistrellus pipistrellus,0.241,0.29,-1,/mnt/ubna_data_01_mir/recover-20220822/UBNA_013/20220822_040000.WAV,Foliage,recover-20220822,013,1795
1031.5655,1031.5691,47812.0,63801.0,Echolocation,Pipistrellus pipistrellus,0.141,0.239,-1,/mnt/ubna_data_01_mir/recover-20220822/UBNA_013/20220822_040000.WAV,Foliage,recover-20220822,013,1795
1031.6385,1031.6428,46093.0,64310.0,Echolocation,Myotis alcathoe,0.173,0.325,-1,/mnt/ubna_data_01_mir/recover-20220822/UBNA_013/20220822_040000.WAV,Foliage,recover-20220822,013,1795
1031.7195,1031.7238,41796.0,80779.0,Echolocation,Myotis alcathoe,0.15,0.399,-1,/mnt/ubna_data_01_mir/recover-20220822/UBNA_013/20220822_040000.WAV,Foliage,recover-20220822,013,1795
1031.8115,1031.8158,42656.0,67072.0,Echolocation,Myotis alcathoe,0.147,0.285,-1,/mnt/ubna_data_01_mir/recover-20220822/UBNA_013/20220822_040000.WAV,Foliage,recover-20220822,013,1795
1031.8975,1031.9014,44375.0,69364.0,Echolocation,Myotis mystacinus,0.135,0.374,-1,/mnt/ubna_data_01_mir/recover-20220822/UBNA_013/20220822_040000.WAV,Foliage,recover-20220822,013,1795
1032.0795,1032.0865,46093.0,61020.0,Echolocation,Pipistrellus pipistrellus,0.176,0.317,-1,/mnt/ubna_data_01_mir/recover-20220822/UBNA_013/20220822_040000.WAV,Foliage,recover-20220822,013,1795
1032.1805,1032.1849,45234.0,62677.0,Echolocation,Myotis alcathoe,0.12,0.335,-1,/mnt/ubna_data_01_mir/recover-20220822/UBNA_013/20220822_040000.WAV,Foliage,recover-20220822,013,1795
1032.2645,1032.2707,45234.0,62426.0,Echolocation,Pipistrellus pipistrellus,0.174,0.419,-1,/mnt/ubna_data_01_mir/recover-20220822/UBNA_013/20220822_040000.WAV,Foliage,recover-20220822,013,1795
1032.3295,1032.3331,47812.0,60710.0,Echolocation,Pipistrellus pipistrellus,0.262,0.316,-1,/mnt/ubna_data_01_mir/recover-20220822/UBNA_013/20220822_040000.WAV,Foliage,recover-20220822,013,1795
1032.3885,1032.3929,46093.0,63064.0,Echolocation,Pipistrellus pipistrellus,0.41,0.476,-1,/mnt/ubna_data_01_mir/recover-20220822/UBNA_013/20220822_040000.WAV,Foliage,recover-20220822,013,1795
1032.4625,1032.467,40078.0,71168.0,Echolocation,Myotis alcathoe,0.199,0.397,-1,/mnt/ubna_data_01_mir/recover-20220822/UBNA_013/20220822_040000.WAV,Foliage,recover-20220822,013,1795
1032.5475,1032.5531,43515.0,66938.0,Echolocation,Pipistrellus pipistrellus,0.146,0.369,-1,/mnt/ubna_data_01_mir/recover-20220822/UBNA_013/20220822_040000.WAV,Foliage,recover-20220822,013,1795
1032.6405,1032.6475,47812.0,54008.0,Echolocation,Pipistrellus pipistrellus,0.492,0.536,-1,/mnt/ubna_data_01_mir/recover-20220822/UBNA_013/20220822_040000.WAV,Foliage,recover-20220822,013,1795
1032.7205,1032.7255,44375.0,61786.0,Echolocation,Pipistrellus pipistrellus,0.141,0.434,-1,/mnt/ubna_data_01_mir/recover-20220822/UBNA_013/20220822_040000.WAV,Foliage,recover-20220822,013,1795
1032.7805,1032.7858,46953.0,59494.0,Echolocation,Pipistrellus pipistrellus,0.418,0.48,-1,/mnt/ubna_data_01_mir/recover-20220822/UBNA_013/20220822_040000.WAV,Foliage,recover-20220822,013,1795
1032.8515,1032.86,46093.0,56536.0,Echolocation,Pipistrellus pipistrellus,0.154,0.224,-1,/mnt/ubna_data_01_mir/recover-20220822/UBNA_013/20220822_040000.WAV,Foliage,recover-20220822,013,1795
1032.9285,1032.9334,46953.0,60912.0,Echolocation,Pipistrellus pipistrellus,0.295,0.388,-1,/mnt/ubna_data_01_mir/recover-20220822/UBNA_013/20220822_040000.WAV,Foliage,recover-20220822,013,1795
1032.9965,1033.0006,44375.0,59011.0,Echolocation,Myotis alcathoe,0.096,0.3,-1,/mnt/ubna_data_01_mir/recover-20220822/UBNA_013/20220822_040000.WAV,Foliage,recover-20220822,013,1795
1033.0645,1033.0696,43515.0,62818.0,Echolocation,Pipistrellus pipistrellus,0.096,0.408,-1,/mnt/ubna_data_01_mir/recover-20220822/UBNA_013/20220822_040000.WAV,Foliage,recover-20220822,013,1795
1033.1295,1033.1334,46093.0,63478.0,Echolocation,Pipistrellus pipistrellus,0.349,0.482,-1,/mnt/ubna_data_01_mir/recover-20220822/UBNA_013/20220822_040000.WAV,Foliage,recover-20220822,013,1795
1033.1955,1033.1993,44375.0,67080.0,Echolocation,Myotis alcathoe,0.157,0.354,-1,/mnt/ubna_data_01_mir/recover-20220822/UBNA_013/20220822_040000.WAV,Foliage,recover-20220822,013,1795
1033.2455,1033.2492,46953.0,62816.0,Echolocation,Pipistrellus pipistrellus,0.146,0.411,-1,/mnt/ubna_data_01_mir/recover-20220822/UBNA_013/20220822_040000.WAV,Foliage,recover-20220822,013,1795
1033.2895,1033.2923,49531.0,66005.0,Echolocation,Myotis alcathoe,0.213,0.459,-1,/mnt/ubna_data_01_mir/recover-20220822/UBNA_013/20220822_040000.WAV,Foliage,recover-20220822,013,1795
1033.3335,1033.3373,52109.0,63916.0,Echolocation,Pipistrellus pipistrellus,0.37,0.487,-1,/mnt/ubna_data_01_mir/recover-20220822/UBNA_013/20220822_040000.WAV,Foliage,recover-20220822,013,1795
1033.3905,1033.3938,46953.0,64230.0,Echolocation,Myotis alcathoe,0.234,0.488,-1,/mnt/ubna_data_01_mir/recover-20220822/UBNA_013/20220822_040000.WAV,Foliage,recover-20220822,013,1795
1033.4335,1033.4392,49531.0,70479.0,Echolocation,Pipistrellus pipistrellus,0.113,0.278,-1,/mnt/ubna_data_01_mir/recover-20220822/UBNA_013/20220822_040000.WAV,Foliage,recover-20220822,013,1795
1033.4895,1033.494,53828.0,68012.0,Echolocation,Pipistrellus pipistrellus,0.154,0.348,-1,/mnt/ubna_data_01_mir/recover-20220822/UBNA_013/20220822_040000.WAV,Foliage,recover-20220822,013,1795
1033.6685,1033.6726,52109.0,65900.0,Echolocation,Pipistrellus pipistrellus,0.209,0.335,-1,/mnt/ubna_data_01_mir/recover-20220822/UBNA_013/20220822_040000.WAV,Foliage,recover-20220822,013,1795
1033.7585,1033.7653,52968.0,65479.0,Echolocation,Pipistrellus pipistrellus,0.247,0.386,-1,/mnt/ubna_data_01_mir/recover-20220822/UBNA_013/20220822_040000.WAV,Foliage,recover-20220822,013,1795
1033.8055,1033.8094,53828.0,66000.0,Echolocation,Pipistrellus pipistrellus,0.325,0.468,-1,/mnt/ubna_data_01_mir/recover-20220822/UBNA_013/20220822_040000.WAV,Foliage,recover-20220822,013,1795
1033.8515,1033.8548,48671.0,69603.0,Echolocation,Myotis mystacinus,0.103,0.267,-1,/mnt/ubna_data_01_mir/recover-20220822/UBNA_013/20220822_040000.WAV,Foliage,recover-20220822,013,1795
1033.9045,1033.9081,49531.0,71578.0,Echolocation,Myotis alcathoe,0.211,0.354,-1,/mnt/ubna_data_01_mir/recover-20220822/UBNA_013/20220822_040000.WAV,Foliage,recover-20220822,013,1795
1033.9855,1033.9894,47812.0,80529.0,Echolocation,Myotis alcathoe,0.279,0.511,-1,/mnt/ubna_data_01_mir/recover-20220822/UBNA_013/20220822_040000.WAV,Foliage,recover-20220822,013,1795
1034.0405,1034.0433,49531.0,73395.0,Echolocation,Myotis alcathoe,0.236,0.49,-1,/mnt/ubna_data_01_mir/recover-20220822/UBNA_013/20220822_040000.WAV,Foliage,recover-20220822,013,1795
1034.1365,1034.1397,48671.0,59141.0,Echolocation,Pipistrellus pipistrellus,0.12,0.269,-1,/mnt/ubna_data_01_mir/recover-20220822/UBNA_013/20220822_040000.WAV,Foliage,recover-20220822,013,1795
1034.1925,1034.1968,52109.0,63156.0,Echolocation,Pipistrellus pipistrellus,0.345,0.428,-1,/mnt/ubna_data_01_mir/recover-20220822/UBNA_013/20220822_040000.WAV,Foliage,recover-20220822,013,1795
1034.2515,1034.2568,52109.0,61962.0,Echolocation,Pipistrellus pygmaeus,0.144,0.306,-1,/mnt/ubna_data_01_mir/recover-20220822/UBNA_013/20220822_040000.WAV,Foliage,recover-20220822,013,1795
1034.3075,1034.3114,52968.0,60741.0,Echolocation,Pipistrellus pipistrellus,0.261,0.31,-1,/mnt/ubna_data_01_mir/recover-20220822/UBNA_013/20220822_040000.WAV,Foliage,recover-20220822,013,1795
1034.4095,1034.413,48671.0,64115.0,Echolocation,Pipistrellus pipistrellus,0.138,0.428,-1,/mnt/ubna_data_01_mir/recover-20220822/UBNA_013/20220822_040000.WAV,Foliage,recover-20220822,013,1795
1034.4835,1034.4876,44375.0,65363.0,Echolocation,Myotis mystacinus,0.158,0.444,-1,/mnt/ubna_data_01_mir/recover-20220822/UBNA_013/20220822_040000.WAV,Foliage,recover-20220822,013,1795
1034.5585,1034.5689,49531.0,58389.0,Echolocation,Pipistrellus pipistrellus,0.278,0.308,-1,/mnt/ubna_data_01_mir/recover-20220822/UBNA_013/20220822_040000.WAV,Foliage,recover-20220822,013,1795
1034.6375,1034.642,48671.0,57978.0,Echolocation,Pipistrellus pipistrellus,0.427,0.486,-1,/mnt/ubna_data_01_mir/recover-20220822/UBNA_013/20220822_040000.WAV,Foliage,recover-20220822,013,1795
1034.7175,1034.7222,47812.0,53663.0,Echolocation,Pipistrellus pipistrellus,0.306,0.317,-1,/mnt/ubna_data_01_mir/recover-20220822/UBNA_013/20220822_040000.WAV,Foliage,recover-20220822,013,1795
1034.7915,1034.7957,46953.0,56396.0,Echolocation,Pipistrellus pipistrellus,0.326,0.379,-1,/mnt/ubna_data_01_mir/recover-20220822/UBNA_013/20220822_040000.WAV,Foliage,recover-20220822,013,1795
1034.8745,1034.8786,44375.0,56996.0,Echolocation,Pipistrellus pipistrellus,0.123,0.355,-1,/mnt/ubna_data_01_mir/recover-20220822/UBNA_013/20220822_040000.WAV,Foliage,recover-20220822,013,1795
1035.0425,1035.0479,46093.0,59630.0,Echolocation,Pipistrellus pipistrellus,0.267,0.472,-1,/mnt/ubna_data_01_mir/recover-20220822/UBNA_013/20220822_040000.WAV,Foliage,recover-20220822,013,1795
1035.1335,1035.1381,44375.0,59792.0,Echolocation,Pipistrellus pipistrellus,0.227,0.526,-1,/mnt/ubna_data_01_mir/recover-20220822/UBNA_013/20220822_040000.WAV,Foliage,recover-20220822,013,1795
1035.2255,1035.2294,48671.0,57542.0,Echolocation,Pipistrellus pipistrellus,0.489,0.518,-1,/mnt/ubna_data_01_mir/recover-20220822/UBNA_013/20220822_040000.WAV,Foliage,recover-20220822,013,1795
1035.3075,1035.3117,46953.0,58019.0,Echolocation,Pipistrellus pipistrellus,0.29,0.334,-1,/mnt/ubna_data_01_mir/recover-20220822/UBNA_013/20220822_040000.WAV,Foliage,recover-20220822,013,1795
1035.4015,1035.4121,47812.0,53013.0,Echolocation,Pipistrellus pipistrellus,0.25,0.274,-1,/mnt/ubna_data_01_mir/recover-20220822/UBNA_013/20220822_040000.WAV,Foliage,recover-20220822,013,1795
1035.4825,1035.4875,45234.0,58695.0,Echolocation,Pipistrellus nathusii,0.11,0.375,-1,/mnt/ubna_data_01_mir/recover-20220822/UBNA_013/20220822_040000.WAV,Foliage,recover-20220822,013,1795
1035.6645,1035.6691,43515.0,58657.0,Echolocation,Pipistrellus nathusii,0.09,0.323,-1,/mnt/ubna_data_01_mir/recover-20220822/UBNA_013/20220822_040000.WAV,Foliage,recover-20220822,013,1795
1035.7885,1035.7937,44375.0,56421.0,Echolocation,Pipistrellus pipistrellus,0.294,0.434,-1,/mnt/ubna_data_01_mir/recover-20220822/UBNA_013/20220822_040000.WAV,Foliage,recover-20220822,013,1795
1035.8775,1035.8821,44375.0,56398.0,Echolocation,Pipistrellus pipistrellus,0.167,0.25,-1,/mnt/ubna_data_01_mir/recover-20220822/UBNA_013/20220822_040000.WAV,Foliage,recover-20220822,013,1795
1049.0015,1049.018,23750.0,28135.0,Echolocation,Nyctalus leisleri,0.133,0.27,-1,/mnt/ubna_data_01_mir/recover-20220822/UBNA_013/20220822_040000.WAV,Foliage,recover-20220822,013,1795
1049.4425,1049.4605,24609.0,29379.0,Echolocation,Nyctalus leisleri,0.182,0.341,-1,/mnt/ubna_data_01_mir/recover-20220822/UBNA_013/20220822_040000.WAV,Foliage,recover-20220822,013,1795
1126.9355,1126.9465,26328.0,30890.0,Echolocation,Nyctalus leisleri,0.35,0.554,-1,/mnt/ubna_data_01_mir/recover-20220822/UBNA_013/20220822_040000.WAV,Foliage,recover-20220822,013,1795
1146.6615,1146.6794,26328.0,30428.0,Echolocation,Nyctalus leisleri,0.141,0.225,-1,/mnt/ubna_data_01_mir/recover-20220822/UBNA_013/20220822_040000.WAV,Foliage,recover-20220822,013,1795
1162.0595,1162.0758,27187.0,32032.0,Echolocation,Nyctalus leisleri,0.166,0.353,-1,/mnt/ubna_data_01_mir/recover-20220822/UBNA_013/20220822_040000.WAV,Foliage,recover-20220822,013,1795
1162.4335,1162.451,26328.0,32317.0,Echolocation,Eptesicus serotinus,0.149,0.342,-1,/mnt/ubna_data_01_mir/recover-20220822/UBNA_013/20220822_040000.WAV,Foliage,recover-20220822,013,1795
1228.2155,1228.2279,40937.0,45063.0,Echolocation,Pipistrellus nathusii,0.211,0.237,-1,/mnt/ubna_data_01_mir/recover-20220822/UBNA_013/20220822_040000.WAV,Foliage,recover-20220822,013,1795
1310.3075,1310.3229,27187.0,31387.0,Echolocation,Nyctalus leisleri,0.134,0.231,-1,/mnt/ubna_data_01_mir/recover-20220822/UBNA_013/20220822_040000.WAV,Foliage,recover-20220822,013,1795
1349.6165,1349.6231,28046.0,36554.0,Echolocation,Eptesicus serotinus,0.265,0.42,-1,/mnt/ubna_data_01_mir/recover-20220822/UBNA_013/20220822_040000.WAV,Foliage,recover-20220822,013,1795
1380.2775,1380.2927,27187.0,33551.0,Echolocation,Eptesicus serotinus,0.134,0.215,-1,/mnt/ubna_data_01_mir/recover-20220822/UBNA_013/20220822_040000.WAV,Foliage,recover-20220822,013,1795
1380.8105,1380.8297,25468.0,30500.0,Echolocation,Nyctalus leisleri,0.143,0.274,-1,/mnt/ubna_data_01_mir/recover-20220822/UBNA_013/20220822_040000.WAV,Foliage,recover-20220822,013,1795
1381.3425,1381.3565,26328.0,31434.0,Echolocation,Nyctalus leisleri,0.277,0.456,-1,/mnt/ubna_data_01_mir/recover-20220822/UBNA_013/20220822_040000.WAV,Foliage,recover-20220822,013,1795
1381.7385,1381.756,26328.0,29869.0,Echolocation,Nyctalus leisleri,0.191,0.274,-1,/mnt/ubna_data_01_mir/recover-20220822/UBNA_013/20220822_040000.WAV,Foliage,recover-20220822,013,1795
1382.1455,1382.1589,25468.0,32415.0,Echolocation,Eptesicus serotinus,0.3,0.506,-1,/mnt/ubna_data_01_mir/recover-20220822/UBNA_013/20220822_040000.WAV,Foliage,recover-20220822,013,1795
1382.4265,1382.4389,25468.0,30741.0,Echolocation,Eptesicus serotinus,0.106,0.225,-1,/mnt/ubna_data_01_mir/recover-20220822/UBNA_013/20220822_040000.WAV,Foliage,recover-20220822,013,1795
1382.8275,1382.8429,26328.0,30194.0,Echolocation,Nyctalus leisleri,0.214,0.326,-1,/mnt/ubna_data_01_mir/recover-20220822/UBNA_013/20220822_040000.WAV,Foliage,recover-20220822,013,1795
1395.7945,1395.8142,24609.0,29250.0,Echolocation,Nyctalus leisleri,0.096,0.214,-1,/mnt/ubna_data_01_mir/recover-20220822/UBNA_013/20220822_040000.WAV,Foliage,recover-20220822,013,1795
1414.4705,1414.4868,25468.0,29928.0,Echolocation,Nyctalus leisleri,0.189,0.301,-1,/mnt/ubna_data_01_mir/recover-20220822/UBNA_013/20220822_040000.WAV,Foliage,recover-20220822,013,1795
1415.7365,1415.7537,26328.0,32984.0,Echolocation,Eptesicus serotinus,0.172,0.382,-1,/mnt/ubna_data_01_mir/recover-20220822/UBNA_013/20220822_040000.WAV,Foliage,recover-20220822,013,1795
1415.8875,1415.9027,24609.0,30559.0,Echolocation,Nyctalus leisleri,0.267,0.466,-1,/mnt/ubna_data_01_mir/recover-20220822/UBNA_013/20220822_040000.WAV,Foliage,recover-20220822,013,1795
1416.1365,1416.1528,24609.0,28911.0,Echolocation,Nyctalus leisleri,0.114,0.231,-1,/mnt/ubna_data_01_mir/recover-20220822/UBNA_013/20220822_040000.WAV,Foliage,recover-20220822,013,1795
1416.7405,1416.7588,25468.0,30351.0,Echolocation,Nyctalus leisleri,0.106,0.234,-1,/mnt/ubna_data_01_mir/recover-20220822/UBNA_013/20220822_040000.WAV,Foliage,recover-20220822,013,1795
1417.0995,1417.1125,25468.0,29645.0,Echolocation,Nyctalus leisleri,0.303,0.435,-1,/mnt/ubna_data_01_mir/recover-20220822/UBNA_013/20220822_040000.WAV,Foliage,recover-20220822,013,1795
1417.3325,1417.3483,25468.0,30308.0,Echolocation,Nyctalus leisleri,0.148,0.264,-1,/mnt/ubna_data_01_mir/recover-20220822/UBNA_013/20220822_040000.WAV,Foliage,recover-20220822,013,1795
1417.5955,1417.6123,24609.0,27879.0,Echolocation,Nyctalus leisleri,0.236,0.365,-1,/mnt/ubna_data_01_mir/recover-20220822/UBNA_013/20220822_040000.WAV,Foliage,recover-20220822,013,1795
1418.7145,1418.7308,23750.0,29566.0,Echolocation,Nyctalus leisleri,0.206,0.446,-1,/mnt/ubna_data_01_mir/recover-20220822/UBNA_013/20220822_040000.WAV,Foliage,recover-20220822,013,1795
1422.2945,1422.3137,23750.0,28851.0,Echolocation,Nyctalus leisleri,0.19,0.326,-1,/mnt/ubna_data_01_mir/recover-20220822/UBNA_013/20220822_040000.WAV,Foliage,recover-20220822,013,1795
1596.7705,1596.7831,40937.0,44154.0,Echolocation,Pipistrellus nathusii,0.239,0.257,-1,/mnt/ubna_data_01_mir/recover-20220822/UBNA_013/20220822_040000.WAV,Foliage,recover-20220822,013,1795
1629.6805,1629.7,25468.0,30091.0,Echolocation,Nyctalus leisleri,0.2,0.327,-1,/mnt/ubna_data_01_mir/recover-20220822/UBNA_013/20220822_040000.WAV,Foliage,recover-20220822,013,1795
1629.9165,1629.93,25468.0,29357.0,Echolocation,Nyctalus leisleri,0.124,0.252,-1,/mnt/ubna_data_01_mir/recover-20220822/UBNA_013/20220822_040000.WAV,Foliage,recover-20220822,013,1795
1630.6225,1630.6425,25468.0,29187.0,Echolocation,Nyctalus leisleri,0.34,0.424,-1,/mnt/ubna_data_01_mir/recover-20220822/UBNA_013/20220822_040000.WAV,Foliage,recover-20220822,013,1795
1631.0465,1631.0669,25468.0,28736.0,Echolocation,Nyctalus leisleri,0.185,0.25,-1,/mnt/ubna_data_01_mir/recover-20220822/UBNA_013/20220822_040000.WAV,Foliage,recover-20220822,013,1795
1631.2595,1631.2799,25468.0,30205.0,Echolocation,Nyctalus leisleri,0.144,0.255,-1,/mnt/ubna_data_01_mir/recover-20220822/UBNA_013/20220822_040000.WAV,Foliage,recover-20220822,013,1795
1631.4785,1631.5007,25468.0,29970.0,Echolocation,Nyctalus leisleri,0.152,0.222,-1,/mnt/ubna_data_01_mir/recover-20220822/UBNA_013/20220822_040000.WAV,Foliage,recover-20220822,013,1795
1631.8115,1631.8295,25468.0,29027.0,Echolocation,Nyctalus leisleri,0.281,0.358,-1,/mnt/ubna_data_01_mir/recover-20220822/UBNA_013/20220822_040000.WAV,Foliage,recover-20220822,013,1795
1632.0495,1632.0751,24609.0,27271.0,Echolocation,Nyctalus leisleri,0.17,0.219,-1,/mnt/ubna_data_01_mir/recover-20220822/UBNA_013/20220822_040000.WAV,Foliage,recover-20220822,013,1795
1632.3935,1632.4122,24609.0,29077.0,Echolocation,Nyctalus leisleri,0.325,0.447,-1,/mnt/ubna_data_01_mir/recover-20220822/UBNA_013/20220822_040000.WAV,Foliage,recover-20220822,013,1795
1632.6235,1632.6431,24609.0,28510.0,Echolocation,Nyctalus leisleri,0.426,0.526,-1,/mnt/ubna_data_01_mir/recover-20220822/UBNA_013/20220822_040000.WAV,Foliage,recover-20220822,013,1795
1632.8545,1632.8759,24609.0,28675.0,Echolocation,Nyctalus leisleri,0.389,0.457,-1,/mnt/ubna_data_01_mir/recover-20220822/UBNA_013/20220822_040000.WAV,Foliage,recover-20220822,013,1795
1633.0815,1633.0994,24609.0,28632.0,Echolocation,Nyctalus leisleri,0.401,0.496,-1,/mnt/ubna_data_01_mir/recover-20220822/UBNA_013/20220822_040000.WAV,Foliage,recover-20220822,013,1795
1633.4375,1633.4588,24609.0,27906.0,Echolocation,Nyctalus leisleri,0.362,0.446,-1,/mnt/ubna_data_01_mir/recover-20220822/UBNA_013/20220822_040000.WAV,Foliage,recover-20220822,013,1795
1633.6765,1633.6965,24609.0,27307.0,Echolocation,Nyctalus leisleri,0.394,0.468,-1,/mnt/ubna_data_01_mir/recover-20220822/UBNA_013/20220822_040000.WAV,Foliage,recover-20220822,013,1795
1634.0285,1634.0432,25468.0,31163.0,Echolocation,Nyctalus leisleri,0.309,0.481,-1,/mnt/ubna_data_01_mir/recover-20220822/UBNA_013/20220822_040000.WAV,Foliage,recover-20220822,013,1795
1634.5035,1634.5245,25468.0,29530.0,Echolocation,Nyctalus leisleri,0.211,0.288,-1,/mnt/ubna_data_01_mir/recover-20220822/UBNA_013/20220822_040000.WAV,Foliage,recover-20220822,013,1795
1636.7775,1636.7904,25468.0,29447.0,Echolocation,Nyctalus leisleri,0.334,0.464,-1,/mnt/ubna_data_01_mir/recover-20220822/UBNA_013/20220822_040000.WAV,Foliage,recover-20220822,013,1795
1637.1395,1637.1539,25468.0,29506.0,Echolocation,Nyctalus leisleri,0.332,0.462,-1,/mnt/ubna_data_01_mir/recover-20220822/UBNA_013/20220822_040000.WAV,Foliage,recover-20220822,013,1795
1637.5925,1637.6068,25468.0,30094.0,Echolocation,Nyctalus leisleri,0.229,0.406,-1,/mnt/ubna_data_01_mir/recover-20220822/UBNA_013/20220822_040000.WAV,Foliage,recover-20220822,013,1795
1686.1965,1686.2094,25468.0,29911.0,Echolocation,Nyctalus leisleri,0.115,0.236,-1,/mnt/ubna_data_01_mir/recover-20220822/UBNA_013/20220822_040000.WAV,Foliage,recover-20220822,013,1795
1702.5505,1702.5673,25468.0,31025.0,Echolocation,Eptesicus serotinus,0.091,0.203,-1,/mnt/ubna_data_01_mir/recover-20220822/UBNA_013/20220822_040000.WAV,Foliage,recover-20220822,013,1795
1702.8505,1702.869,26328.0,30012.0,Echolocation,Nyctalus leisleri,0.138,0.225,-1,/mnt/ubna_data_01_mir/recover-20220822/UBNA_013/20220822_040000.WAV,Foliage,recover-20220822,013,1795
1703.0105,1703.0233,27187.0,31498.0,Echolocation,Nyctalus leisleri,0.217,0.371,-1,/mnt/ubna_data_01_mir/recover-20220822/UBNA_013/20220822_040000.WAV,Foliage,recover-20220822,013,1795
1715.4435,1715.455,25468.0,29859.0,Echolocation,Nyctalus leisleri,0.14,0.294,-1,/mnt/ubna_data_01_mir/recover-20220822/UBNA_013/20220822_040000.WAV,Foliage,recover-20220822,013,1795
1715.9485,1715.9645,26328.0,30217.0,Echolocation,Nyctalus leisleri,0.173,0.288,-1,/mnt/ubna_data_01_mir/recover-20220822/UBNA_013/20220822_040000.WAV,Foliage,recover-20220822,013,1795
1741.6475,1741.6647,23750.0,28587.0,Echolocation,Nyctalus leisleri,0.112,0.239,-1,/mnt/ubna_data_01_mir/recover-20220822/UBNA_013/20220822_040000.WAV,Foliage,recover-20220822,013,1795
1747.0075,1747.0234,25468.0,29727.0,Echolocation,Nyctalus leisleri,0.111,0.211,-1,/mnt/ubna_data_01_mir/recover-20220822/UBNA_013/20220822_040000.WAV,Foliage,recover-20220822,013,1795
1747.5415,1747.5589,24609.0,31662.0,Echolocation,Nyctalus leisleri,0.223,0.469,-1,/mnt/ubna_data_01_mir/recover-20220822/UBNA_013/20220822_040000.WAV,Foliage,recover-20220822,013,1795
1747.7955,1747.8205,24609.0,29175.0,Echolocation,Nyctalus leisleri,0.113,0.233,-1,/mnt/ubna_data_01_mir/recover-20220822/UBNA_013/20220822_040000.WAV,Foliage,recover-20220822,013,1795
1748.3195,1748.3389,24609.0,29161.0,Echolocation,Nyctalus leisleri,0.278,0.429,-1,/mnt/ubna_data_01_mir/recover-20220822/UBNA_013/20220822_040000.WAV,Foliage,recover-20220822,013,1795
1748.6085,1748.6232,24609.0,30433.0,Echolocation,Nyctalus leisleri,0.369,0.544,-1,/mnt/ubna_data_01_mir/recover-20220822/UBNA_013/20220822_040000.WAV,Foliage,recover-20220822,013,1795
1748.8275,1748.8495,24609.0,28366.0,Echolocation,Nyctalus leisleri,0.191,0.297,-1,/mnt/ubna_data_01_mir/recover-20220822/UBNA_013/20220822_040000.WAV,Foliage,recover-20220822,013,1795
1748.9445,1748.9566,26328.0,31138.0,Echolocation,Nyctalus leisleri,0.163,0.304,-1,/mnt/ubna_data_01_mir/recover-20220822/UBNA_013/20220822_040000.WAV,Foliage,recover-20220822,013,1795
1749.0895,1749.105,27187.0,30560.0,Echolocation,Nyctalus leisleri,0.139,0.201,-1,/mnt/ubna_data_01_mir/recover-20220822/UBNA_013/20220822_040000.WAV,Foliage,recover-20220822,013,1795
1750.1855,1750.2065,24609.0,29593.0,Echolocation,Nyctalus leisleri,0.15,0.277,-1,/mnt/ubna_data_01_mir/recover-20220822/UBNA_013/20220822_040000.WAV,Foliage,recover-20220822,013,1795
1750.3615,1750.3788,24609.0,30829.0,Echolocation,Nyctalus leisleri,0.279,0.447,-1,/mnt/ubna_data_01_mir/recover-20220822/UBNA_013/20220822_040000.WAV,Foliage,recover-20220822,013,1795
1750.5635,1750.582,24609.0,28409.0,Echolocation,Nyctalus leisleri,0.336,0.398,-1,/mnt/ubna_data_01_mir/recover-20220822/UBNA_013/20220822_040000.WAV,Foliage,recover-20220822,013,1795
1750.7905,1750.8075,23750.0,29838.0,Echolocation,Eptesicus serotinus,0.215,0.487,-1,/mnt/ubna_data_01_mir/recover-20220822/UBNA_013/20220822_040000.WAV,Foliage,recover-20220822,013,1795
1751.0585,1751.0762,23750.0,28005.0,Echolocation,Nyctalus leisleri,0.333,0.462,-1,/mnt/ubna_data_01_mir/recover-20220822/UBNA_013/20220822_040000.WAV,Foliage,recover-20220822,013,1795
1751.4465,1751.4651,23750.0,30188.0,Echolocation,Nyctalus leisleri,0.232,0.504,-1,/mnt/ubna_data_01_mir/recover-20220822/UBNA_013/20220822_040000.WAV,Foliage,recover-20220822,013,1795
1751.9735,1751.9929,24609.0,29321.0,Echolocation,Nyctalus leisleri,0.286,0.376,-1,/mnt/ubna_data_01_mir/recover-20220822/UBNA_013/20220822_040000.WAV,Foliage,recover-20220822,013,1795
1754.0905,1754.1135,23750.0,28842.0,Echolocation,Nyctalus leisleri,0.094,0.223,-1,/mnt/ubna_data_01_mir/recover-20220822/UBNA_013/20220822_040000.WAV,Foliage,recover-20220822,013,1795
1762.1715,1762.1957,23750.0,27705.0,Echolocation,Nyctalus leisleri,0.162,0.275,-1,/mnt/ubna_data_01_mir/recover-20220822/UBNA_013/20220822_040000.WAV,Foliage,recover-20220822,013,1795
1763.1175,1763.1422,23750.0,27810.0,Echolocation,Nyctalus leisleri,0.107,0.209,-1,/mnt/ubna_data_01_mir/recover-20220822/UBNA_013/20220822_040000.WAV,Foliage,recover-20220822,013,1795
1763.3595,1763.3831,23750.0,27802.0,Echolocation,Nyctalus leisleri,0.195,0.276,-1,/mnt/ubna_data_01_mir/recover-20220822/UBNA_013/20220822_040000.WAV,Foliage,recover-20220822,013,1795
1764.3905,1764.413,23750.0,27843.0,Echolocation,Nyctalus leisleri,0.18,0.291,-1,/mnt/ubna_data_01_mir/recover-20220822/UBNA_013/20220822_040000.WAV,Foliage,recover-20220822,013,1795
1764.8635,1764.882,23750.0,28104.0,Echolocation,Nyctalus leisleri,0.322,0.428,-1,/mnt/ubna_data_01_mir/recover-20220822/UBNA_013/20220822_040000.WAV,Foliage,recover-20220822,013,1795
1765.3445,1765.3684,23750.0,28339.0,Echolocation,Nyctalus leisleri,0.12,0.227,-1,/mnt/ubna_data_01_mir/recover-20220822/UBNA_013/20220822_040000.WAV,Foliage,recover-20220822,013,1795
1765.9445,1765.9611,23750.0,29257.0,Echolocation,Nyctalus leisleri,0.229,0.473,-1,/mnt/ubna_data_01_mir/recover-20220822/UBNA_013/20220822_040000.WAV,Foliage,recover-20220822,013,1795
1766.1865,1766.2041,23750.0,28056.0,Echolocation,Nyctalus leisleri,0.351,0.455,-1,/mnt/ubna_data_01_mir/recover-20220822/UBNA_013/20220822_040000.WAV,Foliage,recover-20220822,013,1795
1766.4215,1766.4415,23750.0,29006.0,Echolocation,Nyctalus leisleri,0.147,0.306,-1,/mnt/ubna_data_01_mir/recover-20220822/UBNA_013/20220822_040000.WAV,Foliage,recover-20220822,013,1795
1766.6655,1766.6828,22890.0,28091.0,Echolocation,Nyctalus leisleri,0.282,0.468,-1,/mnt/ubna_data_01_mir/recover-20220822/UBNA_013/20220822_040000.WAV,Foliage,recover-20220822,013,1795
1766.9115,1766.9306,22890.0,28379.0,Echolocation,Nyctalus leisleri,0.193,0.408,-1,/mnt/ubna_data_01_mir/recover-20220822/UBNA_013/20220822_040000.WAV,Foliage,recover-20220822,013,1795
1767.1645,1767.1842,22890.0,27388.0,Echolocation,Nyctalus leisleri,0.217,0.378,-1,/mnt/ubna_data_01_mir/recover-20220822/UBNA_013/20220822_040000.WAV,Foliage,recover-20220822,013,1795
1767.4335,1767.453,22890.0,27632.0,Echolocation,Nyctalus leisleri,0.244,0.412,-1,/mnt/ubna_data_01_mir/recover-20220822/UBNA_013/20220822_040000.WAV,Foliage,recover-20220822,013,1795
1767.7025,1767.7223,23750.0,27694.0,Echolocation,Nyctalus leisleri,0.384,0.494,-1,/mnt/ubna_data_01_mir/recover-20220822/UBNA_013/20220822_040000.WAV,Foliage,recover-20220822,013,1795
1767.8495,1767.8725,23750.0,28059.0,Echolocation,Nyctalus leisleri,0.231,0.332,-1,/mnt/ubna_data_01_mir/recover-20220822/UBNA_013/20220822_040000.WAV,Foliage,recover-20220822,013,1795
1770.5655,1770.5845,23750.0,27432.0,Echolocation,Nyctalus leisleri,0.151,0.237,-1,/mnt/ubna_data_01_mir/recover-20220822/UBNA_013/20220822_040000.WAV,Foliage,recover-20220822,013,1795
1770.7255,1770.7463,22890.0,27689.0,Echolocation,Nyctalus leisleri,0.227,0.398,-1,/mnt/ubna_data_01_mir/recover-20220822/UBNA_013/20220822_040000.WAV,Foliage,recover-20220822,013,1795
1770.8945,1770.9139,23750.0,27338.0,Echolocation,Nyctalus leisleri,0.179,0.265,-1,/mnt/ubna_data_01_mir/recover-20220822/UBNA_013/20220822_040000.WAV,Foliage,recover-20220822,013,1795
1771.1655,1771.1859,22890.0,27345.0,Echolocation,Nyctalus leisleri,0.229,0.351,-1,/mnt/ubna_data_01_mir/recover-20220822/UBNA_013/20220822_040000.WAV,Foliage,recover-20220822,013,1795
1771.4435,1771.4596,22890.0,27543.0,Echolocation,Nyctalus noctula,0.074,0.214,-1,/mnt/ubna_data_01_mir/recover-20220822/UBNA_013/20220822_040000.WAV,Foliage,recover-20220822,013,1795
1771.7185,1771.7344,22890.0,27855.0,Echolocation,Nyctalus leisleri,0.408,0.587,-1,/mnt/ubna_data_01_mir/recover-20220822/UBNA_013/20220822_040000.WAV,Foliage,recover-20220822,013,1795
1779.2115,1779.228,23750.0,27691.0,Echolocation,Nyctalus leisleri,0.1,0.204,-1,/mnt/ubna_data_01_mir/recover-20220822/UBNA_013/20220822_040000.WAV,Foliage,recover-20220822,013,1795
